  23.842   120.829   6.0    9.0
  23.801   121.190   6.0   51.5
  24.357   121.842   4.7   33.0
  23.591   121.272   6.1   33.0
  23.809   121.213   6.1   53.9
  23.771   121.216   6.0   57.4
  23.634   120.999   4.4   16.5
  23.712   121.301   4.5   45.6
  23.839   121.276   4.6   64.6
  23.925   121.310   4.2   60.0
  24.314   121.296   4.0   43.7
  23.878   121.514   4.3   58.2
  23.812   120.909   4.3   17.1
  24.321   120.875   4.1   33.0
  23.551   120.556   4.2   56.1
  23.845   121.240   4.3   61.3
  23.822   120.899   4.1   10.0
  24.077   121.061   4.2    6.8
  23.821   120.912   4.3   21.8
  23.865   121.477   4.3   67.8
  23.963   121.009   4.4   34.3
  24.002   121.032   3.8   33.0
  24.016   120.947   4.6   62.8
  24.033   120.999   4.2   33.0
  24.204   121.913   4.0   33.0
  23.858   121.009   4.0   43.4
  23.704   121.479   4.1    7.3
  24.122   120.948   4.3   25.5
  23.749   121.117   4.0   55.0
  23.506   120.649   3.8   40.5
  23.921   121.086   3.8   56.8
  23.779   121.427   4.9   26.1
  23.658   121.474   4.7   36.7
  23.710   121.027   3.8   33.0
  23.603   121.001   3.8   55.3
  23.797   121.372   4.2    5.0
  23.915   121.248   3.6   80.6
  23.832   121.098   3.9   33.0
  23.651   120.859   4.4   11.0
  23.780   120.929   4.5   41.4
  24.011   120.991   4.3   36.1
  24.066   120.822   4.2    5.0
  23.432   120.640   4.4   37.1
  23.412   120.922   3.7   33.0
  23.504   120.856   6.4    1.0
  23.564   120.954   5.1   54.5
  23.298   120.639   4.4   33.0
  24.026   121.073   3.8  100.0
  23.545   120.783   4.4    4.8
  23.934   121.056   4.1    5.0
  23.348   120.808   3.9  100.3
  23.956   120.409   4.0   33.0
  24.043   121.343   3.9   91.7
  24.022   120.913   4.0   33.0
  24.010   121.000   4.3    3.8
  24.100   121.061   4.0   17.6
  23.180   120.668   4.1   33.0
  23.467   120.813   4.7    3.0
  23.821   120.778   3.9   33.0
  23.802   120.923   3.6  243.2
  23.871   121.482   4.2    7.0
  23.736   121.572   4.0   19.5
  23.803   121.098   4.8   49.6
  24.224   121.151   4.1   13.9
  23.221   120.653   4.0   81.9
  23.659   120.811   4.3   28.9
  23.951   121.534   3.7  153.5
  23.797   120.970   4.2    5.0
  23.667   120.780   4.3    5.0
  23.771   121.046   4.0   33.0
  24.145   120.885   4.2    5.0
  24.104   121.744   4.5   21.3
  23.690   120.778   3.9   33.0
  23.920   120.885   4.1   18.0
  24.018   121.696   3.9   61.1
  23.803   121.247   4.0   40.8
  24.202   121.256   4.0   56.8
  23.452   121.045   4.0   63.9
  24.250   120.900   3.9    5.0
  24.172   121.003   3.9   33.0
  23.747   121.378   4.4   35.2
  24.146   121.108   4.1    5.0
  24.070   120.992   4.2    7.7
  23.606   120.794   4.0   43.4
  23.880   121.527   3.5  172.8
  23.261   120.417   3.9   33.0
  23.670   120.799   4.1   33.0
  23.090   120.970   4.0    5.0
  23.075   121.146   3.7   33.0
  23.656   121.028   3.8   20.9
  23.953   121.513   4.0   33.0
  23.608   120.977   4.5   48.7
  23.539   120.331   3.8   64.5
  23.336   120.350   3.7   33.0
  24.099   121.128   3.7   33.0
  23.825   121.439   3.9   45.4
  23.902   121.419   4.0   31.7
  24.154   121.015   3.9   33.0
  23.542   120.916   4.2   49.2
  23.848   121.342   4.4    5.0
  24.357   120.793   3.8   15.5
  23.740   121.308   4.4    6.3
  24.022   121.000   5.2   19.0
  23.930   121.326   3.8   33.0
  23.737   120.920   3.7   33.0
  23.589   120.889   3.6   47.3
  23.564   120.755   4.0   41.1
  23.789   121.456   4.6    2.3
  24.980   119.980   3.7    8.0
  23.769   121.154   6.4   41.9
  23.631   121.138   4.2   56.8
  24.043   121.511   4.1   67.7
  23.696   121.099   5.8   40.3
  23.725   120.961   4.0   41.9
  24.271   121.419   3.7   18.3
  23.795   121.449   4.8    5.0
  23.539   120.825   4.1   29.7
  23.759   121.215   3.9   50.9
  23.519   120.801   3.9   33.0
  23.586   120.937   4.1  101.0
  24.247   121.028   3.9    5.0
  24.720   120.610   4.2    5.0
  23.634   121.014   5.3   38.6
  23.612   120.561   4.1    5.0
  24.146   121.714   4.2   33.0
  23.982   121.070   3.9    1.7
  23.663   120.829   3.7   33.0
  23.639   120.247   3.9   33.0
  23.528   121.841   3.5   33.0
  23.900   121.397   4.1   32.0
  23.832   121.380   4.0    5.0
  24.626   120.864   4.6    2.5
  23.732   120.952   4.3   27.4
  23.845   121.197   5.3   46.4
  23.805   121.146   3.6   67.8
  23.360   121.340   3.8   15.0
  24.453   120.897   4.4    5.0
  23.489   121.626   3.1   33.0
  23.544   120.749   4.0   27.7
  24.034   121.154   3.7   33.0
  23.784   121.408   4.3   13.0
  23.878   121.313   3.8   34.9
  23.510   120.820   3.9   12.0
  24.316   121.084   4.2   45.6
  24.144   121.203   3.8   67.1
  23.842   121.168   3.9    3.0
  23.587   120.839   3.9   36.9
  23.941   120.745   3.6   33.0
  24.140   121.210   3.5   11.7
  24.070   121.000   3.2    2.8
  24.160   121.180   3.1   12.2
  24.270   121.130   3.0    5.8
  24.170   121.060   3.3    8.6
  24.350   120.920   3.3    4.1
  24.270   120.900   3.1    6.1
  23.870   120.970   3.1    6.1
  24.120   121.070   3.0    5.3
  24.030   121.130   3.5    5.5
  24.200   121.110   3.4    7.9
  24.260   121.190   4.5   14.5
  23.890   120.870   3.1    9.9
  24.140   120.940   4.0    7.6
  24.270   121.190   3.2   16.9
  24.240   121.190   3.3    8.2
  24.360   120.920   3.5    4.5
  23.450   121.000   3.0   25.1
  24.080   121.420   3.3    7.1
  24.280   121.090   4.0    6.2
  23.720   120.910   3.1    5.0
  24.320   120.920   3.1    6.3
  24.230   121.100   3.1   16.4
  23.970   120.770   3.2    9.8
  24.050   120.970   3.0   11.7
  24.010   120.980   3.6    6.0
  23.890   121.440   3.0   30.3
  24.208   121.273   4.0    3.6
  24.290   121.080   3.1    8.5
  24.260   121.390   2.9   12.6
  24.250   121.400   3.5    6.6
  23.888   120.935   3.5    8.0
  24.170   121.360   3.4    4.9
  23.985   120.670   3.5   13.0
  24.100   121.030   3.0   46.4
  24.170   121.680   3.2    9.8
  23.930   121.023   3.9   20.6
  24.170   121.460   3.1    5.9
  24.400   121.020   3.2    3.6
  24.150   121.460   4.1   11.2
  24.136   121.441   4.2    2.9
  23.580   120.950   3.1    4.5
  23.984   120.648   3.3   11.8
  23.574   120.828   3.7    7.4
  24.170   121.430   3.3    6.2
  24.224   121.182   3.9    7.0
  24.200   121.370   3.8    7.2
  24.240   121.190   3.7    3.4
  24.130   121.010   3.2   20.4
  23.610   121.000   3.0    3.2
  23.930   121.030   3.4    9.7
  24.270   121.090   3.3   14.2
  23.980   121.340   3.7    6.5
  23.950   121.190   3.6   10.7
  24.160   121.030   3.3   11.4
  24.250   121.110   3.7    5.7
  23.720   120.910   3.2   10.9
  24.250   121.090   3.1    5.2
  24.190   121.220   3.1    8.4
  23.615   120.786   3.5    4.9
  23.940   121.130   3.1   26.2
  23.530   120.980   3.1    4.8
  23.768   121.006   3.5   21.7
  23.580   120.830   3.4    5.2
  23.581   120.829   3.5    8.9
  23.750   121.030   3.2   21.4
  24.330   121.210   3.1   17.0
  23.637   121.029   5.1   40.4
  24.070   121.340   3.2   11.2
  23.690   121.020   3.0   13.6
  23.992   120.626   3.7   13.2
  23.990   121.060   3.2   13.6
  24.310   120.900   3.4   18.3
  23.990   120.960   3.1   11.7
  24.070   121.470   3.4    6.3
  23.716   120.953   4.0   20.1
  24.370   120.883   3.6    7.1
  24.120   121.030   3.5    9.8
  24.184   121.380   3.8   12.6
  24.200   121.380   3.2    9.0
  24.110   120.870   3.5    6.2
  24.190   121.380   3.7    8.4
  23.860   120.970   3.1    5.1
  23.590   120.830   3.5    6.1
  24.000   120.970   3.2    6.4
  23.870   121.080   3.7   12.0
  24.010   120.648   3.9   19.2
  24.380   121.540   2.4    7.8
  23.820   121.080   3.3    3.3
  24.200   121.470   3.4   11.0
  23.520   121.000   3.0    6.0
  24.100   121.320   3.0   13.9
  23.973   120.845   3.0   13.3
  24.240   121.190   3.8    6.8
  23.650   120.680   3.6   18.3
  24.052   120.974   4.3    9.2
  24.220   121.130   3.3    5.3
  24.390   120.970   3.1    7.3
  24.390   121.020   3.9    3.5
  23.248   120.929   3.2   26.0
  24.070   120.990   3.2    5.9
  23.875   120.790   3.2   12.7
  23.960   121.010   3.1    8.2
  24.010   121.310   3.3   16.0
  23.961   120.620   3.1   12.7
  23.560   120.850   3.2    8.0
  24.200   121.250   3.2   10.9
  23.180   120.860   3.2    3.1
  23.160   120.910   3.1   10.4
  23.640   120.860   3.3   23.1
  23.510   120.670   3.1    6.6
  23.200   120.910   3.2    1.8
  23.680   120.930   3.4    7.1
  24.080   121.440   3.0    6.4
  23.947   121.058   3.0   25.5
  23.280   121.130   3.5   52.5
  24.390   120.990   3.4    7.7
  23.500   121.110   3.3    2.0
  23.192   120.853   3.5    7.6
  23.140   120.920   3.4    3.6
  24.390   120.990   3.0    4.9
  24.000   121.060   3.3   11.9
  24.370   120.920   3.1    2.2
  23.780   120.900   3.3   10.0
  23.480   120.930   3.5    4.8
  23.199   120.860   3.8    2.1
  23.670   120.960   3.4    3.2
  24.340   120.840   2.6   12.0
  23.790   120.920   3.1   14.4
  23.845   120.922   3.6    4.3
  23.570   120.850   3.4   12.6
  23.980   120.710   3.1   20.2
  23.620   120.820   3.5    5.0
  24.250   121.100   3.3    6.4
  24.210   120.940   3.2    4.5
  23.980   120.980   3.1   16.2
  24.040   120.970   3.2   14.1
  23.978   121.095   3.7    2.9
  24.210   121.300   3.6   28.1
  23.770   120.926   3.8   25.6
  24.010   121.270   3.3    6.6
  23.756   120.976   4.2   26.4
  23.123   120.851   3.0    5.2
  24.150   121.450   3.0   12.1
  24.290   121.210   3.2   12.4
  23.588   120.834   4.1    1.9
  23.990   120.960   3.9    8.1
  23.910   121.070   3.1   24.1
  23.589   120.621   2.8    5.4
  24.160   121.480   3.0    5.3
  24.070   121.010   3.1    9.9
  24.250   120.970   3.3    9.7
  23.900   121.000   3.4   15.1
  23.790   121.130   3.0   10.1
  23.991   120.679   3.3   12.0
  23.940   121.000   3.5   14.9
  23.579   120.835   3.7    7.1
  24.000   120.700   3.3   14.2
  23.840   121.400   3.0   16.4
  24.150   121.680   3.0   17.7
  24.130   121.440   3.1   10.4
  24.104   120.952   4.3   18.2
  24.390   121.020   3.0    6.3
  24.190   121.040   3.5   10.8
  24.086   121.502   3.7   13.5
  24.480   120.740   3.8  127.0
  23.861   121.013   3.2   18.5
  23.870   120.890   3.1   13.6
  23.940   120.900   3.2   12.3
  24.080   121.090   3.5    6.2
  24.130   120.910   3.7    7.1
  24.140   121.380   3.3   12.3
  23.117   121.013   4.3    8.2
  23.880   121.030   3.2    9.2
  23.115   121.009   4.0    1.5
  24.140   121.140   3.1   17.9
  23.530   121.510   3.9   15.5
  23.137   121.021   3.9    6.5
  23.130   121.000   3.4   24.8
  23.110   120.990   3.1    8.1
  23.095   121.003   3.5    9.8
  23.987   120.651   4.0   13.0
  23.987   120.640   4.2   13.1
  23.976   120.661   3.1   11.7
  24.180   121.460   3.3    4.7
  23.980   120.647   3.5   11.5
  24.030   121.300   3.2   12.3
  23.390   121.000   3.1   38.1
  23.622   120.839   4.4   20.1
  23.620   120.780   3.5    5.9
  23.339   120.917   3.8    6.8
  24.003   120.663   3.7   14.6
  24.007   120.657   3.5   13.9
  23.730   120.900   3.2    4.0
  24.140   121.020   3.0   13.3
  23.770   121.350   3.3    2.4
  23.650   120.860   3.1    1.3
  24.364   120.898   3.0    3.6
  23.430   120.960   3.0    5.0
  23.988   120.632   3.6    9.9
  24.021   120.605   3.8   19.4
  23.420   120.980   4.1    7.6
  24.320   121.800   3.3   13.9
  23.988   120.645   3.6   14.2
  23.746   120.955   3.8   13.6
  23.992   120.642   3.1   13.2
  23.890   121.120   3.3    6.4
  23.600   120.850   3.4    7.7
  23.817   121.076   6.5   22.2
  23.110   120.930   3.9    6.9
  23.850   120.960   3.6   10.1
  23.770   120.990   4.0    8.5
  23.810   120.940   3.1   29.4
  23.830   121.040   3.1   21.7
  23.870   121.040   3.3   15.8
  23.840   120.960   3.0    7.8
  23.830   121.040   3.1   13.5
  23.860   120.990   3.9   10.1
  23.850   121.000   3.0   12.2
  24.370   120.900   3.2   22.3
  23.910   121.330   3.3    5.7
  23.840   121.000   3.3    9.9
  24.150   121.400   3.1   14.3
  23.830   120.990   3.3   16.5
  23.110   120.960   3.5   13.1
  24.160   120.750   3.3    2.0
  24.200   121.010   3.9    6.4
  23.970   121.430   3.4   17.7
  24.160   121.430   3.0   14.6
  23.870   121.010   3.2    8.2
  23.780   121.000   3.5   14.0
  23.800   120.990   3.0   12.7
  23.780   120.960   3.1   13.4
  23.778   120.848   3.8    8.7
  24.160   120.930   3.4    5.1
  23.890   121.010   3.7   10.6
  23.838   120.953   3.4   10.3
  23.580   120.850   3.1    8.0
  24.110   120.970   3.5    9.4
  23.990   120.670   3.1   10.9
  24.410   120.980   3.0   10.5
  24.400   121.030   3.3    4.7
  23.570   120.860   3.1    7.1
  23.450   120.890   3.0    6.4
  23.980   121.290   3.1   16.8
  24.260   121.120   3.1   12.3
  24.180   121.700   3.0   11.0
  23.960   121.350   3.3   26.3
  23.721   121.393   3.2   18.5
  23.970   121.330   3.4   19.1
  23.540   121.010   3.5    8.5
  23.770   120.920   3.3    7.0
  23.780   121.010   3.0   13.1
  23.930   121.010   3.7    9.6
  24.280   121.120   3.5   13.5
  24.060   120.620   3.7    9.4
  23.710   120.990   3.9   10.8
  23.945   121.355   3.9   18.5
  23.730   121.000   3.1    9.5
  23.900   120.903   3.2   12.2
  23.930   121.060   3.1   27.3
  24.050   121.470   3.2    8.0
  23.708   120.900   3.8   22.9
  23.970   121.320   3.0   15.7
  23.800   121.000   3.1    8.5
  23.940   120.960   3.2    7.2
  23.140   120.990   3.4    7.1
  23.840   120.970   3.1    6.5
  23.960   120.750   3.1   10.2
  23.820   120.940   3.3   19.1
  24.070   120.630   3.2   11.2
  24.140   121.500   3.7    8.5
  23.590   120.820   3.6   11.1
  23.510   120.864   3.6    7.4
  23.850   120.990   3.6   11.4
  23.850   120.980   3.6   11.9
  23.875   120.895   3.7   21.5
  24.060   120.630   3.1   10.0
  24.050   121.390   3.5    5.8
  23.690   120.910   3.4    6.3
  24.030   121.050   3.5   12.5
  24.160   121.490   3.0    4.4
  23.141   120.691   3.3    7.6
  23.860   120.980   3.7    8.3
  24.023   120.830   4.7    6.3
  23.530   120.860   3.2    9.4
  23.847   120.985   3.6   12.0
  23.430   120.980   3.6    7.3
  23.210   121.050   3.2   15.2
  24.190   121.070   3.1   14.4
  23.850   120.960   3.2    5.7
  24.160   121.360   3.5   14.0
  24.280   121.160   3.0   14.6
  23.780   121.320   3.4   19.0
  22.960   121.000   3.3   15.6
  23.108   121.004   3.8    2.2
  23.868   120.934   3.6   12.0
  23.180   121.020   3.1   11.7
  23.650   120.850   3.2    6.8
  24.410   120.930   3.0    4.3
  23.150   120.980   3.3   11.4
  23.790   120.960   3.3   11.3
  23.860   120.990   3.2   10.1
  23.850   120.960   3.4    9.1
  23.040   120.960   3.2   12.9
  24.160   121.660   3.0    9.4
  24.220   121.010   3.4   12.0
  24.150   120.980   3.2    4.2
  24.170   121.500   3.3    8.4
  24.206   121.835   3.9    2.8
  24.160   121.370   3.4   10.5
  23.887   121.020   3.4   22.9
  23.920   121.400   3.3   15.3
  24.130   121.110   3.6    7.1
  23.790   121.340   3.4   16.9
  23.870   121.250   3.3   12.7
  23.840   120.980   3.5    6.0
  23.850   120.970   3.2    6.1
  23.824   121.000   3.3   23.6
  24.380   121.030   3.5    5.5
  23.870   120.920   3.2    4.5
  24.090   121.060   3.4   11.0
  23.520   120.830   1.6   13.3
  23.550   120.650   3.3   15.4
  23.930   121.000   3.0   13.7
  24.110   121.030   3.4    6.8
  24.070   120.610   3.4    7.8
  24.082   120.605   4.1   13.6
  24.160   121.000   3.1    5.7
  24.380   120.930   3.8    4.6
  24.280   121.210   3.3   16.0
  23.500   120.850   3.1    8.3
  23.610   120.890   1.9   12.8
  24.154   121.326   4.0   15.9
  24.010   121.040   3.2    9.5
  23.850   120.820   3.2    9.7
  24.260   121.160   3.3    6.8
  23.860   120.970   3.1   11.7
  24.250   121.480   3.1    5.5
  24.078   120.602   3.7   15.0
  24.060   120.620   3.1    7.8
  23.960   120.950   3.6    5.2
  23.840   120.950   3.1   12.1
  23.840   120.940   3.1   12.4
  24.070   120.580   3.2   11.1
  23.970   120.920   3.2   13.1
  23.975   120.931   3.5   11.5
  23.950   121.380   3.1   11.8
  24.060   121.060   3.2   11.6
  23.990   120.990   3.1   12.6
  24.230   120.940   3.2   14.9
  24.220   120.950   3.5   11.5
  23.770   120.940   3.0   12.2
  23.894   120.962   3.6   12.1
  23.942   120.995   3.9    4.1
  23.940   121.020   3.4   13.4
  23.970   121.000   3.5   13.9
  23.780   120.940   2.4    9.8
  24.220   120.950   3.2    9.6
  23.340   120.910   3.8    5.9
  23.640   120.960   3.9    4.1
  23.990   121.140   3.0   34.0
  23.475   120.862   3.1    5.6
  23.540   120.960   3.1    5.2
  23.135   120.835   3.4    7.6
  23.710   120.920   3.2    4.1
  23.890   121.336   3.5    2.7
  23.830   120.950   3.2    9.4
  23.700   120.787   3.0    6.9
  23.890   121.480   3.6   26.4
  23.640   120.810   3.5    8.6
  24.110   121.350   3.0   24.1
  23.730   121.010   3.1   25.9
  23.844   121.324   3.4    3.5
  23.087   120.962   3.1   19.2
  24.260   121.210   3.0    1.7
  23.970   121.330   3.2    4.9
  23.794   120.999   3.5   26.5
  24.010   121.050   3.5    3.3
  24.110   121.460   3.4   10.3
  23.650   120.790   3.7    1.5
  24.381   120.803   3.2    6.4
  24.440   120.990   3.1    3.2
  24.220   120.940   3.1    3.6
  24.130   121.350   3.1   14.5
  24.211   121.291   4.6    0.9
  24.263   121.208   4.5   19.0
  23.900   121.090   3.1   22.5
  24.140   121.427   3.4    8.5
  23.340   120.900   3.1    2.6
  23.550   121.170   3.5    1.0
  23.710   121.370   3.1   18.3
  23.870   121.060   3.8   16.5
  23.940   120.715   3.6    9.9
  24.290   121.200   3.1   12.1
  24.070   121.520   3.3   10.8
  24.390   121.010   3.6    4.4
  24.290   121.230   3.9   10.6
  24.163   121.238   4.7    7.9
  24.220   121.230   3.5   11.8
  24.130   121.230   3.3    1.7
  24.190   121.260   3.8   14.1
  24.251   121.030   3.6   11.0
  24.190   121.250   3.1    8.9
  24.148   121.240   4.2    4.1
  24.130   121.260   3.2   11.5
  24.150   121.300   3.0   16.8
  24.370   121.030   3.1    3.5
  24.370   121.040   3.3    5.3
  24.300   121.210   3.3   12.6
  24.270   121.440   3.0   11.3
  24.390   121.010   3.2    3.9
  23.790   121.040   3.1   23.0
  23.570   120.840   3.1   10.8
  23.585   120.827   3.8    6.1
  24.160   121.410   3.4    5.8
  24.280   121.060   3.6    8.5
  24.430   120.960   3.1    0.5
  24.060   121.010   3.1   12.6
  23.995   121.095   3.6    4.8
  24.170   121.010   3.7    6.8
  24.170   121.430   3.0   10.0
  24.270   121.160   3.4    4.7
  24.940   121.070   3.0   32.1
  23.960   121.390   3.1    4.5
  24.260   121.140   3.1    4.4
  24.280   120.960   3.2   12.1
  24.160   121.220   3.0   13.5
  24.104   121.426   3.7    3.1
  24.170   121.360   3.2    9.9
  23.705   121.414   4.9   11.3
  24.060   121.030   3.1    8.6
  23.720   121.300   3.4    7.3
  23.700   121.040   3.0    6.4
  23.770   121.330   3.5   11.3
  24.000   121.410   3.0    2.9
  24.380   120.940   3.4    3.4
  23.850   120.990   3.5    8.7
  24.030   120.789   3.7   13.4
  24.110   121.480   3.5   15.8
  24.270   121.210   3.3    6.5
  24.280   121.230   3.4    7.6
  23.580   120.610   3.0    6.5
  23.622   120.667   3.5   11.0
  24.110   121.340   3.0    4.9
  24.328   120.836   3.3    7.3
  23.570   120.660   3.3   19.7
  24.270   121.300   3.4    7.5
  24.240   121.040   3.3    6.3
  23.920   121.040   3.0   23.2
  24.290   121.230   3.0   15.5
  23.570   120.888   3.5    5.3
  24.140   121.020   3.0   15.1
  24.410   121.670   3.2   59.5
  23.595   120.846   3.4    1.7
  24.250   120.830   3.1    3.0
  24.160   121.720   3.5   10.7
  24.210   121.140   3.5    8.7
  24.150   121.250   3.4    4.1
  24.140   121.250   3.8    2.2
  23.730   121.330   3.0    7.5
  23.720   121.320   3.4    2.7
  23.772   121.392   4.2   10.6
  23.780   121.320   3.2    7.1
  23.940   121.410   3.6    8.9
  23.900   121.060   3.0   23.6
  23.430   120.970   3.0    6.8
  24.070   120.620   3.3    7.3
  24.140   121.717   3.4   10.4
  23.710   120.750   3.2   49.8
  23.780   121.110   3.6   28.2
  23.610   120.830   3.2    8.5
  24.400   121.000   3.4    6.5
  23.890   120.990   3.3    5.2
  24.000   121.050   3.1    7.5
  23.940   120.700   3.8   11.4
  23.885   120.910   3.7   16.2
  24.120   121.360   3.1   14.4
  23.880   121.050   3.5   24.0
  23.860   120.970   3.1    8.0
  23.820   121.330   3.1    6.6
  24.290   121.050   3.8    7.5
  24.060   121.470   3.4   17.1
  24.120   121.350   3.7    5.0
  23.925   120.996   3.8   11.8
  23.587   120.824   3.4    4.1
  24.010   121.410   3.4    2.4
  23.990   121.310   3.1    6.7
  24.210   121.280   3.1    6.1
  24.230   121.050   3.2    6.1
  23.620   121.280   3.5    2.1
  24.420   120.990   3.5   11.2
  24.070   121.330   3.5    6.6
  23.950   121.820   3.4   13.0
  24.070   121.640   3.1    8.6
  24.050   121.680   3.2   12.4
  23.727   121.336   4.0    6.2
  23.790   121.280   3.2    7.9
  23.780   121.280   3.1    6.3
  23.820   121.040   3.0   25.4
  23.625   121.021   3.4    4.6
  24.460   120.470   3.6   13.0
  23.742   121.306   3.8   59.0
  24.297   121.219   4.0   38.7
  23.932   120.688   4.6    6.9
  23.450   120.970   3.8   14.0
  22.840   120.860   3.6   10.0
  23.400   120.750   3.5   15.0
  23.829   120.278   3.9   33.0
  23.109   121.042   4.3   33.0
  23.914   121.295   3.8   33.0
  23.620   120.360   3.4   24.0
  24.140   120.310   3.1   14.0
  23.696   120.577   4.0   33.0
  24.550   119.860   3.4   16.0
  23.720   120.470   3.5   26.0
  23.630   120.830   3.6   11.0
  24.440   120.230   3.2   12.0
  23.380   121.670   3.3  106.0
  24.302   121.135   4.4   35.3
  23.960   121.440   4.1   15.0
  24.428   120.895   4.2   40.8
  23.567   120.796   3.8    8.7
  24.555   121.078   3.7   33.0
  24.676   122.004   4.7   68.3
  23.115   120.627   4.2   33.0
  24.230   120.660   3.1  122.0
  23.855   121.369   3.7   33.0
  23.856   120.870   3.9   11.3
  23.860   121.330   3.0    6.4
  24.160   120.980   3.1    3.9
  24.090   121.480   3.1   10.8
  24.170   121.390   3.1    1.5
  24.650   121.160   3.0    3.6
  23.444   120.909   3.6    5.7
  23.966   120.653   3.1   12.2
  24.057   121.564   3.7   17.8
  23.731   120.855   3.6    7.9
  24.240   121.230   3.6    6.1
  24.030   120.990   3.0    7.2
  23.580   120.850   3.6   15.7
  23.640   120.810   3.5    3.0
  23.620   120.830   3.5   11.9
  24.160   121.600   3.1   19.2
  23.676   120.820   3.1   12.2
  24.110   121.520   3.6    7.5
  24.170   121.010   3.0    5.1
  23.660   120.900   3.9    4.7
  23.980   121.120   3.3    3.9
  23.360   120.920   3.2    4.2
  24.660   120.900   3.2   12.7
  24.090   121.220   3.7    5.0
  23.660   120.890   3.2    4.6
  24.280   120.900   3.9  116.0
  23.714   120.909   5.2   19.5
  23.700   120.960   3.1   11.8
  23.690   120.950   3.2    6.0
  23.580   121.010   3.0    6.4
  23.690   120.910   3.3    5.2
  23.910   121.360   3.0   19.1
  23.960   121.030   3.0    5.8
  23.129   120.986   3.2    7.7
  24.020   120.950   3.1    8.6
  24.190   121.060   3.2    5.1
  24.210   121.030   3.0    9.9
  24.031   120.942   4.0   10.5
  23.690   120.920   3.0    4.5
  23.810   120.990   3.2    6.8
  24.106   121.520   4.0    7.6
  23.690   120.920   3.1    5.9
  24.240   120.930   3.3    6.6
  24.220   121.040   3.5    4.8
  24.012   120.635   3.8   12.1
  24.170   121.080   3.6    6.5
  23.870   121.000   3.0    9.0
  23.711   120.898   2.9    8.0
  23.176   120.950   3.7    3.7
  23.855   120.896   3.5    9.9
  23.190   120.920   3.0    7.5
  23.170   120.430   3.2   14.8
  23.840   120.960   3.2    9.6
  23.709   120.914   4.2   14.5
  23.680   120.920   3.4    4.7
  23.700   120.910   3.8    5.5
  23.700   120.930   3.0    5.3
  23.933   121.021   3.8   20.0
  23.866   120.924   3.9    1.3
  23.490   120.888   3.5    1.5
  23.926   120.956   3.5   10.1
  23.646   120.793   3.3    6.1
  23.840   121.040   3.4   21.5
  23.900   120.980   3.0    7.4
  24.520   120.850   3.7  126.0
  23.938   121.074   3.0   24.4
  23.830   121.370   3.0    7.6
  23.970   121.060   3.0    4.4
  24.600   121.730   3.0   66.7
  24.240   121.080   3.2    4.8
  24.100   121.340   3.3    4.3
  24.220   120.950   3.1    5.0
  23.680   120.940   3.4    8.6
  23.680   120.930   3.1    5.3
  23.940   121.340   3.1    5.4
  23.900   121.330   3.1    4.9
  23.970   121.280   3.1   11.1
  24.010   121.020   3.4    5.3
  23.101   120.983   3.4    6.2
  24.000   121.410   3.1   11.0
  23.690   120.940   3.1    3.6
  24.629   121.030   3.3    9.9
  24.150   121.220   3.2    9.8
  23.957   121.360   4.1   16.8
  23.897   121.052   3.7   26.9
  23.128   121.004   3.2    9.4
  24.350   121.050   3.7    4.4
  23.988   121.089   3.5    6.3
  23.968   120.649   3.2   12.7
  24.010   120.630   3.4   11.1
  24.360   121.050   3.3    4.4
  24.140   121.000   3.9    8.9
  23.530   120.830   3.0   11.5
  23.580   121.560   3.1   25.0
  23.650   120.870   3.1    1.3
  23.690   120.550   3.1    9.9
  23.660   120.870   3.7    1.8
  23.880   121.090   3.2   17.7
  24.370   121.010   3.3   11.8
  24.400   121.000   3.1    5.1
  23.904   121.091   4.0   30.3
  23.920   121.020   3.4   10.8
  23.880   121.090   3.1   16.2
  24.010   120.620   3.0   11.0
  23.650   120.830   3.5    6.8
  24.219   120.967   4.1    7.5
  24.239   120.958   3.6   16.5
  24.380   121.020   3.6    7.3
  24.010   120.610   3.0    8.9
  24.250   120.970   3.2   13.1
  23.970   121.110   3.6    5.7
  23.983   120.608   4.0   17.6
  23.470   120.360   3.5   11.0
  23.510   120.850   3.2    8.1
  23.522   120.876   3.5    7.2
  24.240   121.260   3.4    4.1
  23.420   120.280   3.1    7.9
  23.880   121.090   3.7   21.6
  24.620   121.200   3.0    4.6
  24.270   121.170   3.8   16.0
  24.240   121.160   3.6    8.0
  23.540   120.880   3.1    8.6
  23.555   121.005   3.3    1.7
  23.160   120.930   3.1    2.1
  24.000   121.380   3.2    7.7
  23.596   120.819   3.8    7.2
  23.565   120.851   3.4    9.0
  24.250   121.000   3.0    6.5
  24.120   121.510   3.7    8.1
  24.329   120.852   3.0    8.3
  23.930   121.380   3.3    9.9
  23.930   121.250   3.6    8.1
  23.630   120.840   3.7    8.0
  23.390   120.920   3.6    2.6
  24.090   121.030   3.9    4.5
  23.820   121.040   3.2   23.5
  24.386   120.975   3.4    5.8
  24.130   121.510   3.0    4.6
  23.740   121.280   3.1    5.6
  24.170   120.970   3.7   10.2
  24.100   121.120   3.0    6.0
  23.763   120.848   3.3    3.4
  23.610   120.870   2.6    7.4
  24.150   121.220   3.2   10.3
  24.250   121.080   3.7   13.6
  23.530   120.850   3.2    8.8
  23.550   120.900   3.1    8.1
  24.005   120.626   3.4   12.9
  24.180   121.000   3.3   10.0
  23.710   120.870   3.4    5.3
  23.680   120.910   4.5    5.8
  23.695   120.873   3.6   19.9
  23.630   120.860   3.3    8.1
  23.650   120.520   3.5    9.4
  23.168   120.904   4.2    9.3
  23.149   120.972   3.3    5.6
  23.580   120.860   3.1    6.5
  23.174   120.906   3.6    2.9
  23.710   121.100   3.0   25.2
  24.420   121.880   3.3   26.8
  23.750   121.230   3.3    9.1
  24.090   121.020   3.2   12.8
  24.160   121.060   3.1    3.7
  23.760   120.901   3.7   10.4
  24.390   121.920   3.3   28.3
  23.140   121.010   3.1    8.3
  24.020   121.280   3.3   11.5
  24.090   121.020   3.1    7.2
  24.020   121.280   3.8    2.1
  23.780   121.290   3.2    9.4
  23.990   121.390   3.1    5.4
  24.220   121.160   3.2   15.8
  24.250   121.160   3.1   16.4
  24.920   121.760   3.0   93.5
  23.931   120.915   3.9    5.9
  24.010   121.280   3.6    4.8
  24.170   121.370   3.5    5.8
  23.796   120.926   4.3   24.4
  23.960   120.632   3.8   11.1
  23.850   121.010   3.2   11.4
  23.800   120.935   4.1   10.9
  24.160   121.440   3.2    3.9
  24.220   121.370   3.2    3.8
  23.215   120.951   3.5    2.3
  24.220   121.080   3.3    5.7
  24.230   121.080   3.0    7.7
  23.521   120.883   3.5    7.3
  23.185   120.927   3.4    7.6
  23.960   121.320   3.7   11.0
  23.130   121.026   3.9    7.8
  24.022   120.626   3.8   15.5
  24.020   121.130   3.2    8.5
  24.210   121.380   3.3    1.7
  23.963   121.071   4.2    9.5
  23.960   121.300   3.6   15.0
  23.680   120.950   3.4    8.7
  23.200   120.980   3.2   13.8
  24.520   121.090   3.1    1.7
  24.680   121.040   3.0    2.8
  24.000   121.280   3.2   13.4
  23.920   121.030   3.3   10.9
  23.430   121.012   3.6    3.8
  23.153   120.877   3.9    6.0
  24.160   121.360   3.5   13.1
  23.191   120.910   3.4    3.0
  24.160   121.420   3.3    5.5
  23.207   120.930   3.7    0.4
  23.690   120.970   3.5    8.0
  23.560   120.830   3.1   17.0
  24.120   121.330   3.3    2.3
  23.180   120.920   3.1    3.9
  23.450   121.780   3.0   31.6
  23.871   121.379   3.9    4.6
  23.720   120.800   3.0    5.8
  24.230   121.000   3.3    8.6
  23.180   120.920   3.5    3.2
  24.020   121.020   3.7    8.4
  24.430   120.890   3.1    2.8
  23.179   120.895   3.0    8.3
  23.187   120.874   3.5    9.7
  23.920   121.330   3.2    5.7
  23.710   120.990   3.8   12.8
  24.020   120.980   3.6    5.1
  23.170   121.010   3.4    3.0
  24.130   121.340   3.2    3.7
  24.069   121.359   3.8    1.7
  23.799   121.016   4.3   35.8
  23.850   121.010   3.0    8.6
  23.420   120.980   3.8    3.3
  23.990   120.660   3.2   11.6
  23.284   120.741   4.3    2.7
  24.090   121.350   3.2    9.3
  24.130   121.230   3.4    0.9
  23.890   121.070   3.6   21.2
  24.140   121.270   3.1    9.4
  23.830   120.900   3.3   15.7
  22.949   121.139   3.7    7.1
  22.992   121.227   3.6    2.0
  24.200   121.020   3.4    9.3
  24.400   120.860   3.3   11.1
  24.270   121.130   3.1   16.4
  24.190   120.950   3.2    6.4
  24.190   120.970   3.9    9.9
  23.960   120.950   3.3    9.1
  23.056   121.067   3.4    1.8
  24.230   120.990   3.2    9.6
  23.100   121.070   3.4    7.7
  24.120   121.340   3.1    5.5
  23.790   120.980   3.2    4.1
  23.800   121.300   3.0   67.5
  23.980   120.990   3.8   20.0
  23.960   121.040   3.0    6.7
  24.150   121.250   3.3    8.8
  24.024   121.793   3.7   29.3
  24.137   121.356   4.6    1.4
  24.040   120.970   4.0    5.3
  23.230   120.900   4.2    0.5
  23.230   120.910   4.2    3.3
  23.054   120.985   3.1    8.1
  23.590   120.720   3.4   18.8
  23.950   121.040   3.2    5.7
  24.151   121.342   3.8    5.4
  25.120   120.390   3.2   67.8
  24.190   121.450   3.3    3.9
  24.040   121.300   3.1    8.9
  23.230   120.900   3.7    1.4
  24.280   121.040   3.0    3.5
  24.200   121.460   3.2    6.3
  24.190   121.030   3.0    9.8
  24.120   120.910   3.1    6.8
  23.780   120.970   3.1    4.5
  23.690   121.330   3.2    7.7
  24.669   120.998   3.8    5.0
  24.667   121.031   3.2    2.6
  24.180   121.350   3.1    9.2
  23.990   121.140   3.2   20.4
  24.170   121.520   3.4    4.4
  24.470   120.110   3.1   77.2
  24.619   121.047   3.6    6.1
  23.617   120.824   3.6    7.7
  24.150   121.760   4.0    5.1
  24.110   121.350   3.4    9.7
  24.110   121.350   3.4   10.8
  24.410   121.190   3.3   18.4
  24.190   121.460   3.2    6.3
  23.620   120.820   3.3    7.6
  23.960   120.680   3.4   11.6
  24.110   121.010   3.1   21.8
  24.240   121.250   3.4    9.0
  23.210   120.900   3.3    5.0
  23.238   120.905   3.8    4.9
  23.850   120.970   3.1    8.0
  23.960   120.670   3.2   12.0
  24.060   120.625   3.5   11.7
  23.690   120.910   3.3    2.3
  24.400   121.000   3.0    4.3
  23.660   120.550   3.1   14.0
  24.230   121.060   3.4    8.0
  23.200   120.960   3.2    7.9
  23.669   120.704   3.6   14.5
  23.560   120.860   3.0    7.1
  23.800   120.960   3.1    5.2
  23.710   120.940   3.3    3.2
  24.180   120.990   3.5   11.7
  24.190   121.020   3.0    4.1
  23.670   120.890   3.0    7.5
  23.810   121.040   3.3   21.5
  24.130   121.450   3.6    4.8
  24.220   121.010   3.6    9.3
  23.430   120.490   3.1    9.9
  23.541   120.860   4.0    7.1
  24.564   121.026   3.8    9.9
  23.790   120.780   3.3    9.9
  23.552   120.775   3.5    9.9
  24.548   121.045   3.1    0.8
  24.290   121.180   3.3   15.7
  23.410   120.590   3.6    3.3
  24.290   121.040   3.0    6.7
  23.860   120.990   3.2   11.2
  23.940   121.010   4.1    8.2
  23.240   120.910   3.1    7.6
  23.792   120.770   4.1    6.2
  23.570   120.840   3.0    6.4
  24.260   121.030   3.0    6.1
  23.890   120.870   3.3    8.5
  23.582   120.827   4.3    0.5
  24.030   121.020   3.2    4.8
  23.170   121.030   3.0    3.0
  24.160   121.410   3.1    3.8
  23.630   120.840   3.1   10.4
  23.970   121.080   3.1    4.2
  23.700   121.030   4.0    5.7
  23.720   121.000   3.1    4.6
  24.070   120.640   3.2   10.0
  24.100   121.310   3.7    3.5
  23.730   121.010   3.3    9.0
  24.310   121.060   3.3   14.3
  24.096   121.479   3.3    5.0
  24.096   121.462   4.2    5.4
  23.870   120.970   3.5   11.0
  24.260   121.230   3.2    8.3
  23.975   120.643   3.5   12.2
  23.976   120.644   3.7   11.5
  24.080   121.020   3.2   12.4
  23.210   120.950   3.5    7.6
  23.905   121.049   4.1   21.5
  24.060   121.000   3.6    4.8
  23.577   120.842   4.0    4.5
  23.640   120.800   3.3    1.3
  23.460   120.880   3.2    6.9
  24.150   121.330   3.5    2.9
  24.140   121.310   3.2    1.5
  23.940   121.290   3.3    3.3
  23.730   121.030   3.2    7.1
  23.633   120.530   3.9   14.4
  23.580   120.980   3.6    6.2
  22.810   120.740   3.5   11.4
  24.050   121.040   3.3    4.2
  24.760   121.020   3.2   15.0
  23.560   120.860   3.2    7.7
  24.250   121.400   3.2   14.0
  23.970   121.020   3.7    7.2
  23.818   121.014   4.2   26.0
  23.976   121.338   4.1   10.2
  24.020   121.290   3.1    5.6
  23.990   121.300   3.5   11.1
  23.840   120.980   3.6    8.0
  23.990   121.310   3.1    5.8
  24.130   121.790   3.2    8.0
  24.390   121.030   3.3    3.7
  24.120   120.950   3.6    5.9
  23.780   121.010   3.2   13.8
  23.686   120.964   4.2   23.4
  24.200   121.460   3.3    9.9
  24.370   121.940   3.1   16.4
  24.187   121.464   4.2   10.0
  24.050   120.850   3.8    7.6
  24.180   121.040   3.3    8.9
  23.740   121.000   3.2   27.2
  24.175   120.943   3.8    2.8
  24.100   121.000   3.8    7.1
  24.220   121.160   3.2    4.9
  24.020   121.110   3.7    4.7
  24.140   120.940   3.6    5.8
  23.610   121.240   3.2    5.4
  23.890   121.050   3.1   25.7
  24.150   121.100   3.1    3.4
  23.960   121.340   3.0    4.9
  24.190   121.080   3.6    4.9
  24.140   121.010   3.1    7.2
  23.723   120.501   3.3    7.4
  24.385   120.962   4.0    4.8
  23.700   120.930   3.0    3.6
  24.160   120.930   3.6    7.0
  23.780   120.920   3.2   11.6
  23.587   120.832   3.8    3.8
  23.710   120.530   3.5    6.8
  23.960   121.030   3.8    5.4
  23.720   120.520   3.2    7.5
  23.208   120.520   3.4   10.4
  24.290   121.240   3.1   15.3
  24.018   120.624   3.6   12.7
  23.861   121.412   3.1    1.5
  24.260   121.080   3.4    5.7
  24.200   121.460   3.5    7.2
  23.997   120.649   3.5   13.4
  24.250   121.470   3.2   11.7
  24.210   120.920   3.1   10.3
  23.500   120.930   3.6    6.9
  24.120   121.030   3.1    9.7
  23.520   120.830   3.1   21.7
  24.006   121.331   3.8    2.8
  23.951   120.648   3.1   11.6
  23.532   120.868   3.0    6.6
  24.140   120.980   3.3   11.3
  24.150   120.970   3.5   14.3
  24.240   121.080   3.1   15.8
  23.950   120.960   3.2    7.7
  24.302   121.538   3.2    6.9
  24.250   121.400   3.7    9.8
  24.335   121.661   3.6   14.2
  24.000   121.020   3.8    6.6
  24.240   121.400   3.3   11.7
  24.240   121.390   3.9   10.1
  24.250   121.410   4.0    7.2
  23.955   120.632   3.4   11.6
  23.957   120.641   3.2   12.5
  23.727   120.501   3.6    3.5
  24.000   121.030   3.1    6.7
  24.210   121.460   3.1    7.6
  24.060   121.160   3.5  116.0
  23.950   120.740   3.1   21.3
  24.000   121.320   3.6    7.6
  24.004   121.302   3.9    4.0
  23.970   121.040   3.3   10.9
  23.580   120.980   3.0    3.0
  23.565   120.369   3.0    5.4
  23.983   121.331   4.0    4.6
  24.000   121.310   3.1   11.7
  24.010   120.640   3.2   10.9
  24.250   121.080   3.0    6.3
  24.810   120.440   3.7   17.0
  24.100   121.500   3.4    6.7
  24.120   121.750   3.6    5.8
  23.663   120.425   3.6   31.0
  24.110   121.760   3.8    0.9
  23.410   120.630   3.6    9.2
  23.670   120.510   3.0   10.0
  24.150   120.980   3.8    4.2
  23.940   121.000   3.2    6.9
  24.220   121.460   3.3    6.2
  24.386   120.907   3.4    9.6
  23.845   121.377   3.2    3.0
  23.974   121.344   4.0    3.0
  24.000   121.310   3.7    2.8
  23.658   120.502   3.6    6.2
  24.010   120.630   3.1   11.6
  23.728   121.041   3.8    8.5
  23.990   120.980   3.6    8.0
  24.480   120.920   3.3    1.5
  24.010   120.630   3.3   11.0
  24.000   121.260   3.5    5.4
  24.400   121.050   3.3    5.3
  23.470   120.900   3.5   28.4
  24.050   121.360   3.0   10.1
  23.648   120.643   3.2   10.6
  24.496   120.893   3.8    5.0
  24.268   121.083   3.7    5.2
  24.018   120.596   3.8   14.0
  23.601   120.801   3.4    4.4
  24.000   121.100   3.2    8.8
  23.090   121.420   3.1   39.7
  24.820   121.960   3.4    6.4
  23.927   120.969   3.5    4.5
  25.190   120.380   3.6    6.0
  24.130   121.350   3.0    6.0
  23.944   121.343   5.3   15.9
  23.500   121.470   3.7   11.0
  23.715   120.943   3.4    2.0
  23.900   121.520   3.7   14.0
  23.587   120.583   3.5    5.9
  24.790   120.670   3.5   16.0
  23.640   120.678   4.0    6.8
  23.995   121.355   4.3   11.4
  24.166   121.395   3.8    0.1
  23.949   120.662   3.6   11.6
  24.130   121.350   3.7   11.9
  23.986   121.355   4.5   14.6
  24.020   121.310   3.3    9.5
  23.599   120.840   4.0    6.2
  23.938   120.663   3.7   12.3
  24.100   121.040   3.3    9.8
  23.950   121.100   3.0   13.2
  24.140   121.420   3.0   10.3
  23.642   120.836   3.3    6.0
  24.220   121.150   3.4   13.9
  24.070   121.000   4.0    5.4
  23.934   121.369   4.5    9.6
  24.070   121.000   3.3    7.0
  23.923   121.331   4.0    2.7
  24.173   120.849   4.2   14.8
  23.947   121.302   3.4    6.7
  23.662   121.102   5.4   41.9
  23.650   121.067   4.7   48.5
  23.720   121.060   3.1   25.2
  23.624   120.828   4.1   18.5
  24.380   120.920   3.3    1.1
  24.420   121.070   3.0    5.7
  24.000   121.340   3.6    9.5
  23.920   121.341   3.9    2.2
  24.350   120.910   3.1    3.3
  23.537   120.882   3.1    9.0
  23.440   120.914   3.0    7.4
  24.140   121.440   3.1   12.6
  23.724   120.516   3.3    7.6
  24.080   121.010   3.1   10.3
  23.687   120.904   4.1    5.2
  24.130   121.510   3.0   12.9
  23.580   120.840   3.3    8.2
  23.687   121.022   3.8   46.9
  24.190   120.980   3.5   10.4
  24.690   121.990   3.3   56.9
  24.160   121.390   3.2   11.2
  24.130   121.430   3.1    4.1
  23.840   121.340   3.1    9.7
  23.890   121.060   3.0    4.9
  24.110   121.400   3.5    4.2
  24.950   121.880   3.1  106.0
  24.240   121.180   3.4    9.3
  23.637   120.824   3.1    6.0
  23.512   120.422   3.7   16.9
  23.680   121.016   3.9   35.4
  24.015   120.620   3.9   16.4
  23.494   120.421   5.9   22.4
  23.490   120.417   4.1   22.3
  23.488   120.442   3.9   12.6
  23.514   120.415   4.1   20.5
  23.483   120.437   3.4   12.2
  23.487   120.431   5.6   20.4
  23.507   120.452   3.7    7.6
  23.501   120.420   4.1   14.6
  23.516   120.429   3.1   14.6
  23.521   120.478   3.8   12.7
  23.580   120.850   3.0    8.2
  23.512   120.445   4.0   14.1
  23.529   120.455   3.9   10.4
  23.547   120.467   4.2   10.5
  23.540   120.454   4.3   13.4
  23.520   120.470   3.3   14.2
  23.512   120.397   4.1   20.8
  23.530   120.470   3.4   14.0
  23.552   120.441   3.8   12.1
  23.539   120.450   4.0   11.2
  23.505   120.419   3.6   15.1
  23.510   120.440   3.0   11.5
  23.506   120.422   3.9   16.1
  23.717   120.977   3.5   13.0
  23.519   120.425   4.1   23.0
  24.240   121.060   3.9    8.0
  23.505   120.432   3.7   15.2
  24.318   121.683   3.5   14.8
  24.259   120.865   3.7   19.2
  23.536   120.464   3.6   11.5
  23.511   120.466   4.2   24.1
  23.527   120.459   3.9   11.4
  23.396   120.667   4.1   22.9
  23.521   120.413   3.9   19.3
  23.403   120.658   4.2   11.3
  23.400   120.690   3.4    1.7
  23.411   120.673   4.1    9.6
  23.412   120.691   3.7    4.7
  23.520   120.453   3.0   13.9
  23.977   120.750   3.2   14.6
  23.881   121.140   4.1   46.4
  23.512   120.451   3.8   11.8
  24.390   120.990   3.1    2.8
  23.597   120.528   3.6   10.1
  23.997   120.635   3.3   10.7
  23.610   121.250   3.7    4.0
  23.600   121.240   3.3    6.0
  23.390   120.680   3.0    0.7
  23.920   121.040   3.0   22.2
  24.110   121.260   3.1   26.7
  23.502   120.434   3.2   13.8
  24.054   121.349   3.4    1.3
  24.245   121.487   3.8    5.6
  23.390   120.690   3.3    5.0
  24.150   121.400   3.6    9.7
  24.210   121.080   3.1    9.3
  23.508   120.426   3.1   15.0
  23.720   121.260   3.9  108.0
  23.890   121.040   3.5   27.1
  24.190   121.380   3.4    6.8
  23.500   120.430   3.1   17.7
  24.020   121.110   4.1    6.2
  24.347   120.822   3.1    1.6
  24.330   121.970   3.1   25.6
  23.990   121.030   3.6    6.8
  23.521   120.430   3.2   13.3
  24.190   121.150   3.5    8.0
  23.517   120.446   3.2   11.8
  24.390   121.050   3.1   11.8
  24.147   121.284   4.1   15.3
  24.000   121.270   3.4    8.5
  24.070   120.610   3.3   10.2
  23.980   121.260   3.2    9.4
  24.760   121.020   3.3   15.5
  23.970   121.020   3.7   14.4
  23.406   120.704   3.7    4.3
  24.680   121.980   3.1   60.8
  23.525   120.435   3.2   11.1
  23.979   120.646   3.2   12.6
  24.190   121.140   3.2   10.3
  23.940   120.980   3.0    8.5
  24.230   121.230   3.1    3.0
  23.820   120.921   4.0    7.6
  23.503   120.282   3.1   16.1
  24.390   121.030   3.5    2.0
  23.511   120.278   3.1   14.5
  24.220   121.170   3.2    3.2
  23.966   120.951   4.0    6.9
  23.958   121.015   3.6    9.4
  23.930   120.960   3.3    9.1
  24.100   121.370   3.0   14.1
  23.456   120.369   3.3   10.4
  23.176   120.955   3.5    0.1
  23.187   120.948   3.6    1.6
  23.370   120.970   3.5    7.4
  23.940   121.170   3.7  102.0
  23.360   120.960   3.7    3.3
  23.370   120.979   3.8    5.7
  23.546   120.446   3.3   17.8
  23.935   120.982   3.8    7.1
  24.099   120.985   3.6    9.8
  23.640   120.830   3.8    7.3
  24.020   120.640   3.2   13.6
  24.390   122.030   3.5   20.1
  23.570   120.380   3.3    2.8
  23.525   120.433   3.6   10.3
  24.240   121.060   3.5    5.7
  24.230   121.060   3.0    5.7
  24.170   121.020   3.3    6.5
  24.580   121.040   3.0    2.7
  24.030   121.330   3.9   12.7
  24.029   121.347   4.3    7.5
  24.040   121.300   3.2   11.6
  24.060   121.300   3.0    9.4
  24.040   121.320   3.1   12.2
  24.028   121.336   4.3    6.1
  24.020   121.340   3.2   16.5
  24.030   121.320   3.3    4.9
  23.997   121.400   5.4    3.7
  23.990   121.347   4.2    3.4
  24.010   121.310   3.6   12.6
  24.010   121.300   3.0   12.3
  24.004   121.329   3.9    0.3
  24.040   121.330   3.7    8.8
  24.000   121.337   3.4    1.3
  24.220   121.080   3.9    5.0
  24.038   121.369   4.5   10.9
  24.017   121.331   3.9    2.0
  23.505   120.459   3.5   10.0
  23.960   121.030   3.3   11.4
  22.860   121.380   3.1   35.5
  23.980   121.038   3.5    9.1
  24.330   121.020   3.1    4.0
  23.560   120.610   3.0   12.4
  23.690   120.760   3.6   14.8
  24.010   121.320   3.1   10.0
  24.080   121.320   3.3   12.7
  23.890   121.290   3.1    6.5
  23.880   121.300   3.6    5.7
  24.313   121.711   3.9   15.9
  24.290   120.810   3.1   23.7
  24.070   121.330   3.1   13.3
  23.550   120.810   3.0   21.0
  24.440   121.950   3.6   29.1
  23.411   121.614   6.3   58.5
  23.510   121.660   3.8   13.6
  23.640   121.740   3.8   14.6
  23.550   121.710   3.2   25.2
  23.460   121.630   3.3   27.9
  23.470   121.590   3.3   28.5
  23.880   120.950   3.0    6.9
  24.410   121.920   3.1   27.4
  24.080   121.020   3.5   11.1
  23.520   121.630   3.0   29.6
  23.394   121.606   4.0   53.1
  23.580   121.600   3.1   28.7
  23.760   120.910   3.2    9.9
  24.000   120.710   3.4   14.4
  23.995   120.696   4.0    8.2
  24.240   121.280   3.2    6.6
  23.406   120.704   3.5    0.9
  23.600   121.250   3.5    3.8
  23.610   121.040   3.1    3.0
  24.430   121.000   3.0    4.1
  23.510   121.610   3.2   30.8
  25.026   121.840   4.1  107.0
  24.191   121.835   3.1    8.4
  24.240   121.110   3.7   10.6
  23.998   120.697   3.1   13.2
  23.535   120.429   3.2   11.7
  24.120   121.130   3.6   10.2
  24.060   121.400   3.0   10.4
  23.160   121.350   3.2   18.6
  23.600   120.360   3.2   18.3
  23.526   120.426   3.1   14.0
  23.302   120.982   3.2   11.4
  24.244   121.426   3.4    6.9
  24.030   121.010   3.0    5.8
  23.188   121.013   3.3    4.0
  23.186   120.996   3.1   14.4
  24.110   121.340   3.7    9.7
  24.359   120.925   3.6    8.7
  24.362   120.927   3.7    8.0
  24.030   121.430   3.2    9.7
  23.880   121.070   3.5   16.0
  23.331   120.573   4.2   17.3
  23.326   120.614   3.5    3.7
  24.000   121.060   3.2    7.1
  24.820   121.760   3.5   89.4
  23.516   120.439   3.8   11.9
  23.286   121.017   3.3    5.8
  24.410   120.980   3.0    6.8
  24.250   121.160   4.1   10.4
  24.080   121.020   3.0    9.3
  24.220   120.990   4.2    4.6
  24.250   121.151   4.0    8.9
  23.214   120.969   3.5    0.9
  24.230   121.170   3.5    3.3
  24.240   121.150   3.0    5.9
  24.240   121.160   3.3    3.8
  24.250   121.160   3.9    3.2
  24.240   121.150   4.0    0.8
  24.260   121.150   3.2   12.5
  24.240   121.160   3.5    1.5
  24.190   121.840   3.1    5.6
  23.277   120.980   4.0    9.5
  23.280   120.990   3.1    9.4
  23.830   121.310   3.1    2.4
  24.260   121.130   3.1   15.4
  24.250   121.150   3.1    4.9
  24.115   121.508   3.5    1.0
  23.951   121.688   3.6    4.6
  23.748   121.427   3.2    4.5
  24.730   121.860   3.1   62.3
  24.250   121.010   3.5    4.1
  23.850   121.040   3.0   22.4
  24.150   121.000   3.5   11.8
  23.840   120.960   3.1    8.4
  23.077   120.673   3.2    4.2
  22.993   121.447   3.9   21.1
  23.276   121.006   4.0    5.7
  23.254   120.970   3.2    9.9
  24.350   121.040   3.7    3.3
  24.240   120.960   3.1    6.0
  24.060   121.320   3.0    6.2
  24.380   120.910   3.0    6.2
  23.536   120.432   3.9   11.0
  24.020   120.640   3.1   10.3
  23.904   121.040   3.1   25.4
  24.160   121.100   3.0    8.3
  24.080   121.200   3.0   10.0
  24.090   121.320   3.2    8.7
  24.650   121.830   3.4   70.2
  24.360   121.070   3.0    2.2
  24.235   121.284   3.7    7.2
  24.370   120.990   3.3    6.0
  23.904   120.647   3.2   24.7
  24.030   120.830   3.0    8.1
  23.496   120.895   3.4    6.6
  23.610   121.270   3.8    7.0
  24.400   120.970   3.1   16.3
  23.553   120.413   3.4   11.7
  24.040   120.640   3.0   10.4
  24.240   121.480   3.0   10.6
  23.980   121.010   3.5   15.6
  23.940   121.260   3.5    6.0
  23.750   121.310   3.5    7.6
  24.355   120.899   3.4    8.0
  24.150   120.990   3.3    9.4
  24.230   121.220   3.2    3.6
  24.140   121.050   3.0    3.7
  23.287   120.981   3.3    5.2
  24.042   120.606   4.1   18.5
  24.030   120.631   3.3   11.6
  24.028   120.628   3.1   12.4
  24.025   120.631   3.5   11.9
  23.430   121.620   3.2   26.1
  23.610   121.290   3.1   12.2
  23.750   121.330   3.2   10.9
  24.020   120.640   3.2   10.4
  24.370   121.060   3.3    3.3
  23.500   121.650   3.3   26.0
  23.837   120.924   3.4   10.2
  24.026   120.636   3.5   12.6
  23.530   120.470   3.3   14.6
  23.576   121.865   3.9    2.8
  24.001   120.690   3.1   13.4
  24.258   121.490   3.3    3.6
  24.032   120.625   3.1   12.6
  23.950   121.070   3.0    5.5
  23.500   120.455   3.2   13.5
  23.861   121.482   3.4   22.8
  23.880   121.440   3.0   21.8
  24.040   121.430   3.0    3.7
  23.291   120.976   3.4    6.7
  24.980   121.870   3.0  135.7
  23.154   120.460   4.0   14.1
  23.485   120.408   4.2   20.6
  23.510   120.452   3.1   16.4
  24.390   121.030   3.2    6.6
  23.860   121.210   3.7    1.9
  24.010   120.633   3.5   12.5
  24.020   120.629   3.9   12.6
  23.533   120.410   3.3   12.6
  24.025   120.614   3.1   13.5
  24.100   120.980   3.2    5.2
  24.000   120.699   3.0   12.4
  24.182   121.845   3.2    2.4
  24.150   121.070   3.3    3.0
  24.007   120.631   3.1   11.1
  24.180   120.950   3.1    3.5
  24.110   121.000   3.7    9.5
  24.390   120.980   3.0    4.8
  23.520   120.998   3.5    6.4
  24.060   121.110   3.1   10.5
  24.620   121.610   3.2   53.3
  23.590   120.570   3.0   12.6
  24.049   120.603   4.0   17.8
  24.025   120.631   3.5    9.0
  23.890   121.040   3.1    7.6
  24.019   120.625   3.5   12.7
  24.260   121.020   3.0    6.7
  24.043   120.617   3.5   12.3
  24.027   120.631   3.0   13.7
  23.730   121.300   3.4    7.2
  24.030   120.630   3.4   13.9
  23.400   120.710   3.1    6.3
  24.040   120.630   3.0   10.8
  24.040   120.630   3.3   10.7
  24.030   120.630   3.2   11.8
  24.049   120.618   3.3   13.6
  25.300   120.310   3.2    5.0
  24.390   121.560   3.4   56.6
  23.545   120.426   3.4   11.6
  24.060   121.470   3.2   23.5
  23.790   121.330   3.6   10.0
  23.473   120.483   4.5   20.5
  23.503   120.489   3.1    8.2
  23.510   120.500   4.3    7.5
  23.512   120.509   3.2    7.0
  23.511   120.504   4.0    9.2
  23.511   120.502   3.9    5.5
  23.519   120.453   3.0    9.8
  24.150   121.050   3.0   12.9
  23.967   121.329   3.7    9.1
  23.501   120.486   3.4    8.6
  23.539   120.445   3.8   11.2
  23.520   120.440   3.3   11.6
  23.520   120.508   3.4    6.2
  23.900   120.980   3.1    5.9
  24.374   121.011   3.5    2.7
  23.504   120.511   3.9    5.4
  23.498   120.483   3.4    4.7
  23.501   120.498   3.2    6.9
  24.035   120.618   3.8   12.0
  23.504   120.445   3.1   12.0
  23.499   120.441   3.0   13.5
  24.040   120.640   3.5   13.3
  24.040   120.650   3.4   11.1
  23.990   121.750   3.1   40.8
  23.960   121.300   3.4    6.9
  23.533   120.441   3.2   12.2
  23.180   121.540   3.3    9.2
  23.170   121.530   3.1   10.8
  23.518   120.767   3.2   16.5
  24.030   120.640   3.4   10.4
  24.017   120.624   4.7   15.2
  24.021   120.631   4.6   12.5
  24.021   120.629   3.4   13.1
  24.032   120.621   3.4   11.3
  24.034   120.667   4.1   13.5
  24.000   120.640   3.1   14.1
  23.590   120.620   3.1   12.0
  24.020   120.590   3.4   14.2
  24.008   120.654   3.3   12.1
  24.030   120.630   3.0   11.4
  23.988   120.648   3.1   12.4
  23.996   120.662   3.6   11.7
  24.000   120.641   3.1   12.5
  24.030   120.623   3.6   13.0
  24.023   120.646   3.5   13.6
  24.005   120.648   3.6   13.4
  24.023   120.641   3.7   13.2
  24.025   120.643   3.5   12.9
  24.000   120.653   3.4   13.4
  24.030   120.640   3.5   10.8
  24.020   120.650   3.2   11.0
  24.020   120.650   3.1   11.0
  24.030   120.650   3.2   11.9
  24.018   120.617   3.5   13.3
  23.999   120.639   3.4   13.7
  23.508   120.489   3.6    7.3
  24.000   120.650   3.4   11.2
  24.010   121.030   3.1    5.3
  24.020   120.620   3.1   10.2
  24.030   120.620   3.0   10.3
  24.080   121.320   3.1   15.6
  23.537   120.432   3.4   10.5
  24.020   120.660   3.0   11.4
  23.999   120.637   3.6   13.5
  24.020   120.650   3.0   14.0
  24.060   120.630   3.1   12.3
  24.095   120.703   3.0   21.4
  24.055   120.628   3.6   12.2
  24.180   120.920   3.7    9.5
  24.130   121.020   3.6    2.2
  23.464   120.462   3.0   11.6
  23.480   121.630   3.1   28.2
  24.110   121.330   3.7    1.8
  24.039   120.645   3.1   12.3
  24.009   120.650   3.1   12.2
  23.884   121.048   3.8   12.5
  24.031   120.668   3.5   10.6
  24.020   120.650   3.4   13.5
  24.037   120.627   3.6   13.1
  24.037   120.638   3.8   11.4
  24.020   120.650   3.3   10.4
  24.026   120.636   3.9   12.3
  24.050   121.330   3.4    6.5
  24.010   120.650   3.2    9.8
  24.045   120.626   3.5   13.5
  24.047   120.627   4.0   12.1
  23.537   120.447   3.6   10.8
  23.610   120.980   1.7    7.4
  23.945   121.381   4.0    3.3
  24.018   120.637   3.1   13.4
  24.004   120.635   3.0   14.3
  24.040   120.640   3.2   12.3
  24.028   120.630   4.2   20.2
  24.040   120.640   3.1    8.9
  24.030   120.640   3.0   10.9
  24.049   120.630   3.9   13.5
  24.029   120.633   3.5   12.3
  24.040   120.640   3.4    8.2
  24.270   121.240   3.7   32.0
  24.120   121.370   3.1   10.6
  24.220   121.470   3.1   10.7
  24.060   120.640   3.1   13.7
  24.045   120.622   3.5   13.2
  23.636   120.697   3.5    4.8
  24.040   120.650   3.3   12.2
  24.030   120.650   3.7   10.1
  22.780   120.870   3.4    5.5
  23.901   121.554   3.3   13.4
  24.200   121.000   3.7    5.6
  24.114   120.890   4.0   11.3
  23.995   120.692   3.7   12.7
  23.410   120.920   3.1    3.4
  24.041   120.621   3.7   13.5
  24.910   121.730   3.1   96.0
  24.390   121.020   3.3    4.2
  24.090   121.710   3.1   31.9
  23.686   120.943   3.5   11.5
  23.674   120.960   3.8   11.5
  23.507   120.469   3.7    7.7
  23.515   120.441   3.6   11.1
  23.994   120.672   3.2   13.1
  23.370   120.920   3.6    3.9
  23.040   121.520   3.6   13.0
  24.260   121.170   3.2   11.6
  23.597   120.839   3.4    6.7
  23.970   120.910   3.4    8.7
  24.390   121.030   3.1    4.8
  24.390   120.980   3.0    5.8
  24.190   120.990   3.0    9.9
  24.190   120.980   3.2   10.8
  23.830   121.060   3.1   24.2
  24.220   121.380   3.0    7.8
  24.190   120.990   3.3   11.1
  23.760   121.320   3.2    9.9
  23.720   121.050   3.8    2.2
  23.670   121.040   3.0    3.2
  24.110   120.980   3.5   12.0
  23.999   121.770   3.7    8.8
  24.060   121.580   3.1   10.9
  24.338   120.831   3.4    5.6
  23.938   121.007   3.6    9.0
  23.570   120.890   3.1    7.6
  24.080   121.320   3.0   15.8
  24.210   120.910   3.2   10.8
  23.620   121.260   3.5    4.5
  23.318   120.593   3.6   10.3
  24.016   120.637   3.4   13.2
  24.416   120.971   3.5    1.7
  24.090   121.460   3.0   10.1
  23.610   121.270   3.1    4.1
  24.380   121.050   3.3    5.3
  23.765   121.385   3.9    1.7
  23.770   121.360   3.0   11.7
  24.030   120.650   3.0   11.5
  24.655   120.990   3.7   10.0
  24.613   121.037   3.4    3.7
  24.617   121.043   3.0    3.8
  23.950   120.641   3.9   11.5
  23.770   121.310   3.1    9.0
  24.430   120.970   3.1    4.7
  23.120   120.844   3.7    3.5
  23.699   120.454   3.2   10.5
  23.522   120.493   3.7    8.0
  23.310   120.930   3.6    2.6
  23.310   120.930   3.4    7.9
  23.300   120.917   4.4    8.9
  23.330   120.932   4.2    3.9
  23.340   120.930   2.0   12.1
  24.545   120.949   3.5   11.6
  23.320   120.920   3.6    4.7
  23.990   121.120   3.3    9.5
  24.210   121.380   3.4   12.7
  24.240   121.070   3.1    6.3
  24.390   120.960   3.5    4.7
  23.660   120.750   3.0   12.9
  23.674   120.715   3.9   19.6
  23.660   120.743   3.1   11.5
  24.387   121.840   3.1   10.8
  24.270   121.030   3.2    5.6
  24.100   121.310   3.2   10.9
  23.953   120.649   3.2   12.2
  24.260   121.010   3.1    8.1
  23.339   120.938   3.9    3.7
  24.330   121.460   3.2    9.4
  24.280   120.750   3.1   12.3
  23.830   121.040   3.1   25.7
  24.110   121.350   3.0   10.7
  23.516   120.439   4.2   10.4
  23.530   121.000   3.1    6.9
  23.509   120.443   3.1   10.5
  24.120   121.360   3.3    9.8
  23.680   121.060   3.6    8.6
  24.140   121.360   3.2   15.2
  23.260   121.630   3.2   31.4
  24.077   121.546   3.4   17.7
  23.290   119.920   3.0   26.8
  24.180   121.400   3.4   10.6
  24.210   121.400   3.0   11.5
  24.256   121.854   3.9   12.8
  24.237   121.794   3.0    4.5
  23.290   119.910   3.4   13.8
  24.410   121.070   3.2    3.3
  24.414   121.980   3.1    5.4
  23.526   120.431   3.3   11.7
  23.360   120.930   3.1    4.1
  23.898   121.090   3.3   13.2
  23.512   120.442   3.9   12.1
  23.960   120.660   3.2   10.1
  23.520   120.467   3.2   11.8
  24.270   121.100   3.1   10.1
  24.150   121.270   3.3   18.4
  24.150   121.260   3.2   11.4
  24.780   121.730   4.1   76.6
  22.980   121.320   3.0   18.7
  23.995   120.646   3.5   11.4
  23.524   120.445   3.2   11.3
  24.160   121.360   3.3    4.2
  23.464   120.876   3.4    8.4
  23.840   121.340   3.2    9.9
  24.380   121.030   3.5    4.2
  23.830   121.360   3.2   12.1
  23.910   120.980   3.2    8.5
  24.000   120.660   3.1    8.0
  24.220   121.130   3.4    8.0
  24.310   120.960   3.5    3.7
  23.390   120.720   3.4    4.1
  23.562   120.676   3.5   11.0
  24.040   121.030   3.7    5.1
  23.877   120.917   3.5   10.7
  24.220   120.960   3.2    9.4
  23.623   120.571   3.1   11.7
  23.524   120.445   3.3   11.1
  24.690   120.890   3.6   12.4
  24.240   120.890   3.1   12.3
  23.990   121.040   3.0   10.2
  22.990   120.700   3.1    7.5
  24.680   120.890   3.9   13.4
  23.935   121.076   3.5   27.6
  23.670   121.600   3.1   42.2
  24.030   121.609   3.7   16.1
  23.680   120.770   3.0   16.1
  24.670   120.900   3.1   13.0
  24.758   121.224   3.7    3.9
  23.531   120.485   3.3    8.5
  23.180   120.491   4.2   16.2
  23.532   120.499   3.1    9.8
  24.680   120.900   3.5   13.9
  24.270   121.080   3.0    3.0
  24.670   120.900   3.8   14.4
  24.570   121.650   3.4   52.8
  23.923   121.482   3.3   11.8
  24.090   121.370   3.5    7.9
  24.340   120.930   3.2    4.7
  24.560   121.693   3.5   46.1
  23.989   120.657   3.5   12.0
  23.990   120.672   3.3   13.8
  24.548   121.741   3.9   38.5
  24.210   121.280   3.3   11.0
  23.970   121.020   3.5   10.4
  24.200   121.380   3.1    4.3
  23.260   120.990   3.2    9.5
  24.800   121.920   3.2   90.6
  24.220   121.150   3.6    1.9
  24.260   121.150   3.2   15.6
  24.860   121.270   3.1    7.0
  23.490   120.290   3.0    7.7
  23.960   121.960   3.0    5.0
  24.110   121.330   3.2    6.9
  24.403   120.752   3.8   31.1
  24.300   121.100   3.1   17.7
  23.710   120.810   3.1    6.4
  24.490   121.010   3.0    5.1
  24.470   121.010   3.1    3.5
  24.170   121.080   3.2    4.7
  24.340   121.750   3.1   24.9
  23.920   120.970   3.1    7.6
  22.990   121.500   3.3   44.7
  23.860   121.000   3.1   12.4
  24.250   121.874   3.4   10.6
  24.110   121.120   3.2    9.6
  24.370   121.010   3.3   17.5
  25.240   120.980   3.3   21.5
  23.980   121.170   3.3    2.5
  23.970   121.100   3.0    6.5
  23.610   120.970   3.4    9.1
  24.627   121.035   3.1    2.1
  24.298   121.507   3.6    5.8
  24.210   121.410   3.1   13.7
  24.100   121.470   3.2    5.3
  24.354   120.848   3.5    5.0
  23.811   121.450   3.0   21.8
  24.330   121.460   3.1    8.7
  23.850   120.990   3.3   12.0
  23.690   121.660   3.2   33.3
  23.860   119.932   3.8    5.4
  24.361   120.844   3.7    7.8
  24.400   121.890   3.2   27.5
  24.400   121.890   3.2   28.1
  23.640   121.010   3.6    3.3
  24.080   121.120   3.3    6.2
  22.832   120.683   3.6   27.0
  23.809   120.996   3.2   22.8
  24.537   121.018   3.1    4.6
  23.482   120.433   3.3    6.4
  23.706   120.444   3.7    5.1
  24.110   121.020   3.5    9.0
  24.100   121.310   3.1    9.7
  24.048   121.330   3.9    1.5
  23.960   121.000   3.5    2.6
  23.240   120.820   3.0    4.4
  24.060   121.000   3.0    9.5
  24.320   121.060   3.3    5.3
  23.880   121.070   3.0   22.6
  24.230   121.410   3.0   11.4
  23.912   121.478   3.4   15.8
  24.220   121.570   3.1   35.9
  24.200   121.020   3.0    4.0
  24.770   121.860   3.4   77.5
  22.910   120.630   3.2    7.8
  23.403   120.717   3.6    5.1
  24.190   121.173   3.6    9.3
  23.820   121.050   3.1   16.2
  23.278   121.008   3.5    3.1
  23.390   120.710   3.4    5.7
  23.080   120.790   3.8    2.0
  22.790   121.380   3.3   14.5
  24.120   121.360   3.3    7.9
  23.470   120.890   3.0    2.4
  24.010   121.080   3.8    4.4
  23.260   120.670   3.3   10.9
  23.976   120.651   3.4   11.9
  24.200   120.910   3.3   10.1
  24.010   121.640   3.0   33.4
  23.984   120.664   3.4   12.2
  23.890   121.055   3.4   25.2
  24.400   121.020   3.3    5.1
  24.260   121.751   3.1   14.7
  23.900   121.050   3.2   20.7
  24.410   120.970   3.2    9.4
  23.440   121.390   3.5   28.6
  24.870   121.900   3.6   90.9
  23.890   121.060   3.1   16.0
  24.810   121.850   3.2   69.6
  24.340   121.060   3.1   13.5
  24.150   120.980   3.5   11.3
  24.270   121.040   3.1    6.4
  23.591   121.311   3.9    4.3
  23.585   121.317   4.3    8.9
  23.620   121.300   3.1    6.0
  23.620   121.310   3.7    5.2
  23.620   121.270   3.0    3.1
  23.964   120.645   3.6   11.2
  23.640   121.270   3.1    5.9
  23.520   120.483   4.0   10.6
  23.600   121.300   3.1    6.0
  24.150   120.990   3.0    8.4
  23.260   120.670   3.1   10.1
  23.640   121.260   3.0    5.3
  22.950   120.530   3.7   20.4
  23.640   121.250   3.4    8.8
  24.200   121.060   3.1    9.4
  23.576   120.754   3.8   15.4
  23.480   120.920   3.2    4.2
  24.190   121.050   3.2   10.7
  24.190   121.070   3.4    2.2
  23.656   120.996   3.6    1.3
  23.650   120.890   3.0    7.1
  23.582   120.494   3.7   11.8
  23.110   120.880   3.2    9.4
  23.120   120.900   3.1    9.6
  23.640   121.300   3.0    9.0
  23.402   120.470   3.3   10.0
  23.170   120.910   3.4    6.9
  23.170   120.910   3.5    3.4
  23.660   121.270   3.1    9.2
  24.123   121.387   3.6    2.8
  24.240   121.180   3.4   15.7
  23.490   120.290   3.1    7.5
  23.950   120.940   3.0    7.7
  24.590   121.250   3.2    8.9
  23.670   121.260   3.0   10.4
  23.627   120.871   3.7    7.4
  23.250   120.860   3.7    6.9
  24.220   121.070   3.8    7.8
  23.951   120.648   3.2   11.2
  23.620   120.870   3.1    8.2
  24.359   121.783   3.0   17.9
  23.830   121.030   3.1   23.6
  24.840   121.970   3.3    7.3
  24.840   121.960   3.4    8.0
  24.840   121.950   3.1   12.5
  23.980   121.030   3.8   10.3
  23.170   120.830   3.8    2.3
  23.550   120.810   3.2   20.0
  23.750   120.880   3.1    7.9
  23.995   120.693   3.3   12.3
  24.140   121.020   3.7    9.5
  24.560   121.010   3.1    9.8
  24.530   120.930   3.1    2.3
  23.861   121.004   3.8   26.8
  23.840   120.950   3.3    8.7
  24.541   120.903   3.2    7.4
  24.230   121.438   3.3    2.7
  23.890   121.310   3.1    5.9
  23.976   120.980   3.6    9.9
  24.330   120.970   3.1   10.6
  23.877   121.548   3.6   19.6
  23.769   120.999   3.5   25.2
  24.382   121.971   3.4   11.8
  23.672   121.479   3.2    4.8
  22.650   121.300   3.4   17.5
  23.944   121.498   3.6   14.4
  24.062   121.490   3.7    0.6
  24.043   121.466   3.4    8.1
  24.400   121.030   3.6    6.3
  23.160   121.500   3.8   14.7
  23.040   121.560   3.3   36.0
  23.180   121.310   3.1   13.8
  24.228   120.975   3.7   10.2
  24.100   120.970   3.3   10.0
  23.320   121.560   3.6  117.0
  23.783   120.938   4.1   34.3
  23.762   120.948   3.9   18.9
  23.770   120.966   4.0   26.2
  23.436   120.248   3.6    7.6
  23.648   120.727   3.2   10.7
  23.769   120.961   3.5   22.6
  23.937   121.300   3.6    0.8
  23.420   120.660   1.4    6.0
  24.670   121.757   3.5   62.4
  23.630   121.260   3.7    2.3
  24.211   120.866   3.3   28.6
  23.250   119.770   3.4   10.3
  24.315   121.786   3.1   13.3
  24.200   121.370   3.0   11.3
  23.514   120.454   3.1   10.8
  23.651   121.317   3.6    1.9
  24.443   121.013   4.0    6.0
  23.660   121.300   3.7    2.9
  23.890   121.040   3.1   23.6
  24.110   121.360   3.0   13.7
  23.898   121.099   3.5   18.9
  23.690   121.310   3.3    5.6
  23.286   121.002   3.1   10.9
  23.920   121.050   3.6    8.1
  24.100   121.830   3.3   93.0
  23.920   121.040   3.1   11.0
  23.910   120.743   3.4   10.5
  23.380   120.920   3.1    2.8
  23.225   120.093   3.9   10.3
  24.260   121.100   3.3   17.1
  23.344   120.941   3.9    2.9
  24.282   121.084   3.7   16.6
  24.300   121.040   3.4   10.5
  23.360   120.910   3.0    9.7
  24.712   121.149   3.4    8.6
  24.270   121.090   3.4   13.4
  24.037   120.633   3.6   11.5
  24.040   120.620   3.3   10.2
  23.910   121.980   3.0   24.3
  23.450   120.916   4.0    4.8
  24.050   120.630   3.2   11.8
  23.374   120.952   3.8    6.5
  24.240   121.070   3.4    8.5
  24.361   122.018   3.9   13.8
  23.345   120.940   3.8    1.3
  23.930   121.430   3.1   16.8
  24.460   121.010   3.2    8.0
  24.450   121.020   3.3    3.6
  23.930   121.000   3.5    5.0
  24.212   121.219   3.5    0.5
  23.990   121.100   3.2    3.1
  23.730   120.890   3.1    6.8
  24.469   120.902   4.1   20.2
  24.416   120.934   3.4    7.5
  24.430   120.932   3.7    4.5
  23.600   121.250   3.1    5.7
  23.590   121.290   3.4    7.1
  23.960   121.030   3.1    5.6
  23.960   121.020   3.0    5.3
  23.980   121.040   3.4    9.9
  24.179   121.715   3.6   23.3
  24.400   120.990   3.1    6.4
  23.610   121.270   3.4    4.2
  23.310   120.930   3.5    5.0
  24.440   121.040   3.0    4.4
  24.640   122.020   3.1   64.8
  24.320   121.730   3.4   48.4
  24.450   121.880   3.1    6.2
  24.410   120.950   3.2    5.4
  24.410   120.970   3.0    6.4
  23.570   120.792   3.5    6.2
  23.589   121.339   4.0    5.8
  24.240   121.080   3.2   16.0
  24.010   121.608   3.5   15.9
  23.610   121.250   3.0    6.0
  23.020   121.450   3.1   38.0
  23.220   120.098   3.3   10.9
  23.590   121.270   3.2    5.8
  23.902   121.061   3.8   23.6
  23.952   120.693   3.4   11.4
  24.186   121.411   3.1    1.9
  23.600   121.240   3.2    4.3
  23.845   120.828   3.2    7.8
  23.730   121.320   3.4    2.2
  24.650   121.570   3.2   53.3
  23.600   121.280   3.3    3.0
  23.720   121.310   3.0   11.0
  23.740   121.310   3.7    3.5
  23.314   120.524   4.2   13.5
  24.012   120.637   3.0   13.9
  24.200   121.400   3.5    7.6
  24.260   121.080   3.6   10.6
  24.250   121.100   3.6    8.4
  24.210   120.950   3.1   10.4
  24.930   121.770   3.3  115.3
  24.220   121.060   3.3   31.0
  24.222   121.246   3.7   15.4
  24.210   121.220   4.1   15.0
  23.540   120.690   3.0   11.0
  23.560   121.320   3.7    4.2
  23.600   121.270   3.2    4.8
  24.040   121.540   3.1   55.6
  24.110   122.030   3.9   20.6
  23.910   121.050   3.1   27.4
  23.920   121.410   3.0   48.7
  24.410   121.652   4.2   49.5
  23.590   121.250   3.2    4.1
  23.590   121.260   3.4    5.2
  23.864   120.986   3.6   13.7
  24.300   121.080   3.3   11.2
  23.202   120.204   3.5    9.6
  23.531   120.775   3.3    9.8
  23.070   121.130   3.2   12.8
  23.590   121.250   3.1   10.4
  24.400   121.010   3.2    5.3
  24.935   121.266   3.3   13.0
  24.760   121.220   3.0    7.3
  24.430   121.900   3.0   19.8
  23.591   120.511   3.3   11.5
  23.990   121.070   3.1    7.4
  23.560   121.330   3.6    3.4
  23.421   120.689   3.3    6.2
  22.918   121.358   3.9   22.2
  24.390   120.990   3.4    5.9
  24.008   121.058   4.1   17.7
  24.230   121.260   3.2   11.9
  23.943   120.622   3.0   13.1
  23.515   120.445   3.9    6.3
  24.385   120.922   3.1    7.5
  24.500   121.830   3.1   62.6
  24.413   120.837   3.7   21.0
  22.840   120.669   3.0   15.2
  24.820   121.820   3.2   97.1
  23.756   121.576   3.9   54.6
  23.830   121.060   3.2   26.2
  23.420   120.910   3.0    7.6
  24.296   121.828   3.1    9.2
  24.970   121.870   3.1  106.6
  23.172   120.498   3.6   14.6
  23.580   121.310   3.7    3.9
  23.971   121.015   3.2   13.1
  24.310   122.038   4.2   35.0
  24.298   121.958   3.4   13.2
  22.762   121.321   4.3   18.3
  22.780   121.321   3.6   16.5
  24.580   121.640   3.0   45.9
  23.080   120.960   3.7    3.3
  24.410   120.980   3.2    5.5
  22.933   121.491   3.2   25.3
  23.520   120.408   3.5   11.5
  24.190   121.280   3.7   12.6
  24.010   121.290   3.2   10.4
  24.290   121.090   3.2    5.1
  23.719   120.520   3.3    8.3
  24.380   120.870   3.0    8.4
  23.660   120.880   3.0    6.5
  23.690   121.030   3.3    5.0
  24.250   121.140   3.2   11.5
  24.150   120.990   3.6    3.0
  23.686   121.317   3.5   20.4
  23.773   121.475   3.4   17.9
  23.593   121.326   4.0    2.3
  23.568   120.591   3.9   12.1
  23.572   120.791   3.9    5.6
  23.747   121.477   3.3   87.0
  24.490   121.000   3.0    6.2
  24.100   121.340   3.1   11.1
  24.520   121.630   3.4   41.9
  23.446   120.410   3.1    7.9
  24.860   121.840   3.5   86.3
  24.520   120.990   3.3    6.0
  24.400   121.810   2.3    9.7
  24.040   121.540   2.5   14.6
  24.132   121.492   3.1    8.2
  23.482   120.428   3.4   13.0
  24.206   121.483   3.7    7.2
  24.550   121.630   3.2   65.8
  24.199   120.997   3.8    9.8
  23.648   121.362   3.5    0.6
  23.460   121.580   3.1   30.9
  23.680   121.280   3.2    8.6
  23.670   121.290   3.4    7.0
  23.620   121.280   3.1    2.9
  23.780   121.486   3.4   15.6
  24.820   121.840   3.4   66.1
  24.610   121.770   3.0   69.1
  23.880   121.064   3.3   21.8
  23.630   120.870   3.2    8.5
  24.210   121.420   3.1    6.6
  23.326   120.732   3.8   12.6
  23.313   120.756   5.3   26.2
  23.326   120.750   3.9   11.9
  22.964   120.880   3.1   10.8
  23.357   120.733   3.8   13.3
  23.569   121.316   3.9    5.6
  22.920   120.920   3.0   11.1
  24.246   121.207   3.7    5.9
  24.350   120.870   3.9    8.9
  24.646   121.073   3.1    6.6
  23.217   120.098   3.3   12.1
  24.180   121.400   3.0    7.5
  24.180   121.370   3.3    8.8
  24.180   121.360   3.1    7.5
  24.179   121.405   3.8    4.9
  24.176   121.408   3.7    6.9
  23.562   120.757   3.2   12.9
  24.880   121.740   3.4  109.9
  24.360   121.080   3.1    3.8
  23.820   121.050   3.1   21.7
  23.565   120.632   3.1    9.7
  24.060   121.440   3.1    4.3
  24.230   121.380   3.1    6.8
  24.460   121.080   3.1    4.0
  24.306   122.004   3.6   23.5
  23.340   120.920   3.4    4.9
  23.346   120.702   3.7   21.6
  23.950   121.020   3.0    7.6
  23.790   121.770   3.4   10.0
  23.860   121.040   3.1   28.6
  24.230   121.010   3.2    7.8
  23.110   121.382   3.3   16.5
  23.140   121.320   3.3  219.4
  24.610   122.040   3.1   53.0
  23.360   121.500   3.6  109.0
  23.171   120.824   3.6    1.3
  23.145   120.822   3.0    1.1
  23.950   121.610   3.0   37.1
  23.430   120.930   3.2    6.9
  23.523   120.404   3.3    6.2
  23.690   121.680   3.6   25.3
  24.090   121.150   3.7    6.0
  23.786   120.927   3.2    5.9
  23.833   121.041   3.6   18.4
  24.210   120.910   3.2    9.9
  23.504   120.590   3.5    8.3
  23.528   120.663   3.3    7.2
  24.404   121.897   3.1    8.3
  24.158   121.672   3.8   42.3
  23.980   121.300   3.0    9.6
  23.719   121.028   3.7    3.3
  23.544   120.656   3.2    7.6
  23.410   120.920   3.3    2.5
  24.210   121.100   3.1    4.0
  24.280   121.253   3.5   15.2
  24.880   121.580   3.0   86.9
  23.378   120.531   3.5   11.6
  23.420   120.920   3.1    7.0
  22.850   120.676   3.7   14.2
  23.910   121.710   3.1   47.3
  23.158   120.949   3.1    2.9
  22.860   121.120   3.5    7.0
  23.610   120.840   3.2    5.3
  24.040   121.050   3.0    5.9
  23.545   120.462   3.8   11.4
  24.400   120.980   3.1    5.6
  24.341   121.767   3.1    8.3
  23.986   120.667   3.5   12.0
  23.960   121.970   3.0  103.0
  22.840   121.300   3.3   19.9
  24.438   121.745   3.2   12.1
  24.420   121.753   3.3    8.7
  24.040   120.990   3.1    4.9
  24.571   121.020   3.1    9.3
  24.175   121.420   3.4    4.3
  24.340   121.060   3.1   14.1
  23.987   120.673   3.0   11.3
  24.030   120.940   3.0    4.8
  23.970   121.640   3.0   47.0
  24.169   121.425   3.1    1.2
  23.858   120.931   3.6    0.6
  23.179   121.562   4.6   43.8
  22.952   121.417   3.3   15.2
  24.151   121.793   3.9   48.4
  23.975   121.789   4.2   45.4
  24.040   121.650   3.2   33.3
  24.010   121.030   3.1    9.1
  23.890   121.070   3.1   23.3
  24.330   121.000   3.1    6.4
  24.810   121.990   3.0    7.5
  24.443   121.901   3.0    8.1
  23.370   120.910   3.5    2.5
  23.920   121.380   3.3    7.6
  23.204   121.114   3.4   10.9
  24.260   121.080   3.4    1.1
  23.890   121.080   3.3   20.1
  23.160   121.460   3.1   33.4
  23.750   121.430   3.1   16.4
  23.960   121.030   3.2    7.7
  23.540   121.310   3.1    3.9
  24.430   121.950   3.1   20.5
  24.400   121.030   3.1    6.3
  22.960   121.250   3.3   17.4
  22.800   121.540   3.2   25.4
  23.950   122.020   3.0   27.5
  23.310   120.738   4.7   28.6
  23.321   120.741   3.1   13.3
  23.348   120.724   3.7   20.1
  23.344   120.738   3.9   10.0
  22.923   121.411   3.2    9.3
  23.310   120.740   3.4   15.1
  24.010   121.670   3.0   31.8
  24.240   121.070   3.0    8.2
  24.240   121.060   3.1    4.6
  23.562   120.414   3.4    7.8
  24.443   121.786   3.2   18.8
  23.346   120.732   3.9   13.4
  23.320   120.740   3.2   16.3
  24.113   121.003   3.4   16.5
  24.200   121.150   3.0    7.6
  23.146   120.715   3.1    2.2
  23.840   121.030   3.2    7.7
  24.075   121.004   3.9   11.6
  22.910   121.380   3.4   16.5
  23.306   120.730   4.3   24.2
  22.840   121.430   3.3   11.4
  23.590   121.050   3.3    4.6
  23.357   120.943   3.7    2.8
  22.820   120.170   3.2   32.7
  23.320   120.730   3.0   15.9
  24.680   120.880   3.6   13.3
  24.210   121.415   3.4    6.3
  24.027   121.781   3.3   22.5
  23.546   120.456   3.3   11.2
  23.790   120.964   3.6   22.1
  23.607   120.814   3.1    8.1
  24.250   121.690   3.2   24.8
  23.202   121.128   3.2    0.6
  24.160   121.420   3.2   13.0
  24.680   121.830   3.3   69.9
  23.883   121.501   3.2   13.7
  24.230   121.190   3.4   11.4
  24.500   120.980   4.0    8.8
  24.470   121.020   3.3    5.2
  23.974   120.718   3.2   12.9
  24.430   120.685   3.7   11.5
  23.210   121.750   3.4   65.0
  23.960   121.700   3.6   73.0
  23.622   120.634   3.4    7.3
  23.205   121.656   4.1   35.0
  23.313   120.705   4.0   19.5
  23.650   121.300   3.0   12.4
  24.270   121.100   3.3    3.8
  23.126   120.994   3.3    7.8
  24.210   120.910   3.3   11.9
  24.170   121.270   3.2    4.9
  23.614   120.761   3.2    6.2
  24.098   121.407   3.1   15.4
  23.831   121.353   3.1    2.2
  24.535   120.994   3.1    7.4
  23.522   120.465   3.2   11.3
  22.710   121.420   3.1    3.7
  22.710   121.450   3.0   10.6
  22.730   121.440   3.6   15.0
  23.120   120.176   4.0   13.8
  23.619   120.814   3.8    5.4
  23.730   121.000   3.3   24.4
  23.893   121.021   3.7   34.9
  24.160   120.920   3.6   10.4
  24.150   120.990   3.4    2.9
  23.894   120.702   3.5    9.1
  22.730   120.720   2.3   21.5
  23.551   120.572   3.0   11.0
  23.573   120.797   3.5    9.6
  23.390   120.960   3.3    6.6
  23.571   120.792   3.6   14.5
  23.575   120.788   3.8   14.7
  24.437   121.712   3.2   14.6
  24.467   121.799   3.3    8.3
  23.560   120.560   3.0   12.1
  22.648   120.865   4.4   53.0
  24.238   121.165   3.7   11.8
  24.220   121.150   3.2    3.7
  24.370   121.080   3.3    4.2
  22.880   121.440   3.7  110.6
  24.300   120.920   3.0   10.4
  24.429   121.969   3.6    4.6
  24.610   121.780   3.1   72.7
  23.850   121.950   3.3   21.5
  24.375   120.932   3.4    7.3
  24.520   121.640   3.6   40.4
  24.545   121.719   3.7   42.9
  24.990   121.640   3.0  136.5
  23.528   120.533   3.5    9.3
  23.106   120.141   3.2   16.2
  24.560   121.800   3.2   66.4
  24.235   120.929   3.7    8.3
  24.240   120.970   3.0    3.8
  23.320   121.740   3.3   94.0
  23.588   120.566   3.1   10.1
  23.940   120.970   3.1    9.5
  23.230   121.400   3.5   26.0
  24.230   121.180   3.5    8.6
  23.959   120.826   3.2    6.7
  23.843   121.563   3.4   17.6
  24.350   122.000   3.1   86.0
  23.876   121.586   3.8   18.5
  24.410   120.990   3.4    4.8
  24.000   121.110   3.4   10.0
  24.287   121.002   4.1   19.3
  24.020   121.520   3.1   20.0
  22.708   120.854   3.6   42.1
  22.890   120.710   3.0    5.7
  24.570   121.650   3.9  226.0
  24.210   121.170   3.1    7.7
  23.790   121.040   3.3   23.3
  24.490   121.030   3.2    5.4
  23.380   121.580   3.2   30.7
  23.537   120.454   3.7    8.6
  23.402   120.932   3.8    1.1
  24.350   121.050   3.8    3.5
  23.390   120.930   3.3    2.8
  24.100   120.980   3.1   10.9
  24.839   121.947   3.7    6.2
  23.403   120.922   3.9    5.7
  23.424   120.618   3.8   10.1
  24.316   121.624   3.0   13.2
  23.326   120.598   3.3    6.5
  24.320   121.040   3.2    2.1
  23.980   121.060   3.1    9.9
  24.400   121.900   3.1   49.2
  23.990   120.970   3.4    6.9
  23.580   120.415   3.8   17.1
  24.221   121.227   3.8    7.5
  23.375   120.972   3.1    5.8
  24.120   121.390   3.0   10.0
  22.753   120.415   4.1   28.2
  24.160   121.840   3.1    5.6
  23.730   121.530   3.0   19.0
  24.219   121.800   3.0    0.8
  24.243   121.755   3.0    6.7
  24.860   121.540   3.1   83.1
  22.740   120.490   3.0   26.8
  23.720   121.540   3.2   17.5
  24.090   121.000   3.4    6.6
  23.893   121.560   3.6   19.8
  24.010   121.030   3.0    7.3
  23.913   121.571   3.7   15.8
  24.440   121.930   3.0   25.1
  24.860   121.810   3.0   98.0
  23.020   120.910   3.1    2.1
  24.850   121.840   3.6   84.8
  23.486   120.432   3.0   13.6
  23.220   120.090   3.4   13.6
  24.030   121.649   4.6   29.0
  24.050   121.490   3.2   18.3
  23.550   121.630   3.5   29.3
  23.970   121.080   3.2   25.0
  24.110   120.360   3.0   23.9
  24.022   120.625   4.1   21.0
  23.990   120.667   3.3   11.2
  23.520   120.374   3.2   10.7
  24.340   120.970   3.0    9.9
  23.973   120.657   3.5   12.0
  23.970   120.649   3.3   12.9
  24.045   121.568   3.4   13.8
  24.343   120.920   3.0    4.2
  24.170   121.150   3.4    4.5
  23.310   120.602   3.2    5.6
  24.220   120.880   3.0   15.9
  24.230   121.100   3.1    3.6
  24.780   121.840   3.0   92.4
  24.230   121.210   3.1    8.8
  24.250   121.200   3.1   15.3
  23.710   121.410   3.1   18.4
  24.380   120.950   3.3    3.9
  24.000   121.290   3.2   16.3
  24.362   120.965   3.6    6.0
  24.529   121.810   3.4   41.3
  24.212   121.046   5.4    0.9
  24.201   121.105   4.9    8.1
  24.189   121.108   4.1    0.6
  24.190   121.110   3.1    8.6
  24.196   121.080   3.5    1.6
  24.190   121.120   3.1    5.3
  24.220   121.090   3.0    9.7
  24.200   121.048   3.7    4.0
  24.193   121.082   3.7    3.5
  23.400   120.150   3.7  270.5
  24.200   121.090   3.1    3.0
  24.200   121.090   3.2    3.0
  24.177   121.162   3.8    3.1
  24.190   121.090   3.7    3.1
  24.180   121.060   3.3    7.0
  24.190   121.090   3.1    5.8
  24.200   121.090   3.1    2.6
  24.200   121.100   3.1    7.8
  24.190   121.100   3.3    5.5
  24.187   121.104   3.5    0.8
  24.240   121.110   4.2   14.4
  24.193   121.095   3.3    2.6
  24.204   121.007   4.8   14.9
  24.199   121.044   3.8    6.1
  24.190   121.060   3.2    5.8
  24.190   121.070   3.1    6.0
  24.200   121.100   3.3    3.2
  24.190   121.060   3.2    5.6
  24.214   121.044   3.6    5.8
  23.960   121.409   3.1    3.2
  23.577   121.475   3.1   20.9
  23.821   120.934   3.8    4.5
  23.620   120.810   3.1    7.9
  24.210   121.080   3.0    3.4
  23.700   121.430   3.1   13.9
  24.840   121.980   3.1    6.8
  24.810   121.630   3.1   68.1
  23.849   121.034   3.8   23.6
  24.007   120.637   3.5   11.6
  24.000   120.631   3.9   17.4
  23.960   120.650   3.0   11.1
  24.190   121.060   3.0    3.1
  23.978   120.634   3.7   10.8
  24.240   121.160   3.4   10.5
  24.240   121.160   3.4   15.1
  23.897   121.548   3.0   14.8
  24.760   121.020   3.0   15.0
  23.400   121.590   3.0   32.9
  23.565   120.668   3.5    8.4
  23.960   121.060   3.2   12.6
  24.670   120.890   3.1   15.4
  23.517   120.394   3.7    8.8
  23.528   120.394   3.3   11.5
  23.665   120.850   3.7    3.6
  24.090   121.502   3.4    2.6
  24.090   121.320   3.4    6.8
  24.180   121.060   3.2    3.0
  23.285   120.499   3.1   11.6
  23.245   120.826   3.4    2.2
  24.406   121.836   3.0    9.8
  23.990   121.110   3.1    4.7
  24.205   121.220   3.6    2.4
  23.880   121.870   3.2   34.5
  23.932   120.679   3.4   25.1
  23.178   120.835   3.2    8.2
  23.168   120.838   3.1    1.1
  24.210   121.410   3.0    9.8
  24.380   120.913   3.1    2.0
  24.610   121.840   3.1   72.8
  24.820   121.950   3.0   10.7
  24.330   122.057   3.3   12.6
  24.300   121.060   3.1    4.9
  24.195   121.089   4.1    1.7
  24.050   121.020   3.1    6.2
  24.193   121.086   3.7    2.4
  24.350   120.910   3.4    4.9
  24.194   121.097   3.8    5.7
  24.220   121.130   3.4    7.8
  24.525   122.005   3.9   23.0
  23.610   120.870   3.1   10.3
  23.400   120.910   3.0    4.8
  22.890   120.460   3.2  103.8
  23.050   121.660   3.2   27.0
  23.493   120.880   3.9    1.5
  23.782   121.428   3.1    5.0
  23.013   121.423   4.0   14.6
  23.400   121.590   3.0  175.2
  24.410   121.930   3.1   19.5
  23.861   121.185   6.4   35.6
  23.899   121.110   4.9   14.0
  23.921   121.077   4.6   21.6
  23.843   121.047   4.3   24.2
  23.840   120.990   4.0   22.6
  23.877   121.064   3.7   25.4
  23.860   121.040   3.1   26.2
  23.840   121.010   3.2   25.3
  23.840   121.020   3.0   32.6
  23.880   121.050   3.1   28.7
  23.860   121.040   3.3   27.9
  23.900   121.070   3.1   24.4
  23.880   121.050   3.5   26.7
  23.870   121.040   3.3   27.5
  23.880   121.050   3.2   26.6
  23.840   121.060   3.5   29.1
  23.850   121.050   3.2   27.5
  23.870   121.010   3.1   22.0
  23.840   121.030   3.1   31.4
  23.868   121.041   3.9   30.8
  23.840   121.020   3.4   28.7
  23.851   121.034   4.0   23.4
  23.900   121.030   3.4   27.6
  23.840   121.030   3.4   26.6
  23.910   121.090   3.1   26.5
  23.911   121.063   3.7   21.6
  23.840   121.060   3.2   26.9
  23.710   120.930   3.0   21.0
  23.840   121.050   3.2   21.3
  23.880   121.060   3.2   28.4
  23.880   121.070   3.4   26.0
  23.890   121.030   3.2   26.0
  23.914   121.065   3.7   23.8
  23.912   121.053   3.6   33.0
  23.920   121.080   3.1   24.1
  23.860   121.050   3.2   26.3
  23.930   121.082   3.6   22.1
  23.910   121.100   3.0   22.0
  23.860   121.060   3.1   25.9
  23.848   121.019   3.8   22.3
  23.850   121.060   3.2   27.8
  23.930   121.090   3.3   26.5
  23.843   121.045   3.5   25.0
  23.850   121.050   3.0   26.8
  23.840   121.050   3.0   26.7
  23.840   121.050   3.0   26.5
  23.910   121.080   3.2   25.7
  23.849   121.032   3.8   17.2
  23.900   121.090   3.4   23.4
  23.830   121.090   3.3   27.9
  23.830   121.060   3.0   27.4
  23.870   121.090   3.4   14.9
  23.860   121.040   3.3   24.9
  23.870   121.030   3.1   25.9
  23.830   121.060   3.5   27.4
  23.871   121.050   3.4   22.5
  23.890   121.110   3.5   15.6
  23.830   121.060   3.2   27.1
  23.900   121.090   3.5   22.4
  23.929   121.061   4.1   28.1
  22.960   121.330   3.3   18.5
  23.900   121.080   3.1   24.8
  23.840   121.040   3.5   28.0
  23.830   121.080   3.1   26.8
  23.920   121.110   3.3   23.5
  23.840   121.050   3.4   28.1
  23.900   121.100   3.5   22.4
  23.840   121.050   3.5   26.1
  23.850   121.040   3.2   28.4
  23.890   121.110   3.1   15.7
  23.880   121.050   3.1   27.7
  23.894   121.058   3.5   22.5
  24.716   121.838   3.8   12.9
  24.705   121.861   3.5   13.0
  23.880   121.050   3.2   27.9
  23.810   121.040   3.6   28.5
  23.830   121.090   3.1   24.5
  23.895   121.058   4.2   27.9
  23.990   121.140   3.0   26.5
  23.860   121.100   3.8   23.5
  23.850   121.090   3.5   25.9
  23.860   121.060   3.1   23.3
  23.900   121.110   3.3   19.0
  23.890   121.100   3.4   19.5
  23.595   120.902   3.1    8.8
  23.863   121.039   3.7   25.7
  23.710   121.430   3.1   12.7
  23.880   121.070   3.4   26.3
  23.820   121.030   3.0   26.7
  23.850   121.020   3.0   27.8
  23.898   121.095   4.0   14.7
  23.954   121.710   3.4    6.3
  24.260   120.940   3.4    8.3
  23.850   121.090   3.2   24.4
  23.857   121.033   3.7   26.8
  23.830   121.050   3.8   27.2
  23.860   121.050   3.3   28.6
  23.870   121.050   3.2   25.5
  23.880   121.040   3.0   27.9
  23.850   121.070   3.2   23.3
  24.260   121.230   3.1    8.4
  23.900   121.094   4.4   14.8
  23.850   121.050   3.0   24.5
  24.250   121.150   3.5   11.6
  23.980   120.670   3.0   11.7
  23.850   121.020   3.6   12.3
  23.850   121.080   3.3   27.0
  23.980   121.690   3.3   43.3
  24.159   121.814   3.9    7.8
  24.131   121.835   3.2    2.6
  24.250   121.790   3.1   59.5
  24.230   121.070   3.3    8.8
  23.870   121.040   3.3   28.8
  24.154   121.787   3.3    4.1
  24.156   121.783   3.1    6.8
  24.370   120.920   3.0    7.2
  24.200   121.710   3.2    6.4
  23.930   121.072   3.8   24.7
  23.860   121.050   3.5   26.6
  24.310   121.080   3.3    5.3
  23.830   121.050   3.7   28.6
  24.830   121.530   3.8   82.1
  23.310   121.390   3.1   10.0
  24.834   121.924   3.5   10.8
  23.790   120.970   2.2   24.7
  24.210   121.829   3.0    1.8
  24.120   121.190   3.3    3.4
  23.840   121.060   3.2   21.7
  23.910   121.090   3.0   18.3
  24.110   121.380   3.2    9.6
  23.987   121.109   4.3   39.4
  24.020   121.280   3.3   17.0
  23.870   121.070   3.4   25.0
  24.014   121.069   4.3   42.1
  23.960   121.120   3.6   23.6
  23.960   121.110   4.1   25.1
  23.974   121.105   5.3   27.0
  23.940   121.110   3.2   24.2
  23.920   121.100   3.2   26.3
  24.460   121.940   4.2   20.9
  23.930   121.100   3.4   27.4
  23.990   121.310   3.0   22.3
  23.890   121.080   3.2   25.0
  23.836   121.024   3.4   26.8
  24.420   121.090   3.1   11.2
  23.920   121.100   3.0   28.7
  23.760   120.970   3.4   26.4
  24.270   121.860   3.1   14.4
  22.780   121.440   3.0   32.0
  22.709   120.644   3.1   18.7
  24.050   121.600   3.0   29.7
  24.030   121.280   3.1    5.4
  24.040   121.260   3.1    8.8
  24.040   121.270   3.2    4.5
  24.320   121.030   3.8    2.7
  24.857   121.109   3.5    7.0
  24.400   120.940   3.0    8.1
  23.920   121.150   3.4    3.6
  24.390   120.950   3.4    5.6
  23.840   120.950   3.1    8.1
  25.040   121.750   3.2  131.0
  23.030   121.790   3.4   12.4
  24.180   121.080   3.2    5.0
  24.230   121.170   2.5    7.5
  24.200   121.170   3.5    2.5
  23.890   121.080   3.0   18.8
  24.100   121.710   3.0   34.0
  24.510   121.650   3.3   42.4
  23.880   121.080   3.0   22.5
  23.860   121.070   3.2   25.6
  23.970   121.160   3.2    3.6
  24.462   121.978   3.0   15.0
  23.560   120.557   3.4    5.4
  24.386   121.725   3.6   24.6
  23.910   121.880   3.3   80.0
  24.155   121.772   3.7    2.8
  24.190   121.720   3.1    7.9
  24.364   120.907   3.4    7.1
  24.341   120.924   3.4    4.9
  24.230   121.940   3.1   16.9
  23.850   121.030   3.4   27.2
  23.490   121.710   3.6   76.0
  24.140   121.920   3.1   41.3
  24.210   121.673   3.0   13.8
  24.290   121.090   3.1    8.8
  23.960   121.090   3.4    4.0
  23.960   121.110   3.1    7.0
  23.850   121.070   3.1   22.5
  22.995   121.418   3.8   16.8
  24.150   121.240   3.3    2.0
  23.880   121.090   3.0   15.6
  24.336   121.869   3.4    1.9
  24.640   121.640   3.3   40.4
  24.190   121.140   3.5    8.3
  22.760   120.490   4.0   26.2
  22.730   120.480   3.1   26.5
  23.886   121.042   3.3   20.5
  23.330   120.880   3.0    2.1
  23.790   121.050   3.5   22.4
  23.320   120.890   3.3    3.0
  23.890   120.990   3.6    6.6
  23.321   120.527   4.2   17.7
  24.180   121.030   3.4    3.8
  23.315   120.885   3.7    5.0
  23.860   121.040   3.4   24.7
  23.331   120.543   3.8   12.6
  24.370   120.950   3.5    5.0
  23.920   121.140   3.1    4.8
  24.230   120.990   3.2    7.2
  23.967   121.742   3.7   39.0
  23.960   121.853   4.1    0.6
  24.604   121.290   3.9    6.9
  24.412   121.768   3.4    7.8
  23.821   120.846   3.4   25.7
  24.690   122.000   3.1   57.0
  24.140   121.030   3.1    3.1
  23.708   121.343   3.8    3.7
  24.494   122.025   3.6   25.3
  23.728   121.758   4.2   60.1
  25.000   121.810   3.2  141.7
  23.443   120.764   3.6    2.1
  23.710   121.770   3.2   40.8
  23.740   121.300   3.1    8.6
  23.982   121.744   3.6    8.5
  23.875   121.562   3.5   19.6
  23.060   121.320   3.2   17.1
  24.390   120.940   3.3    8.1
  23.730   121.320   3.1    5.5
  23.438   120.769   3.0    6.5
  23.504   120.893   3.2    8.0
  24.620   121.700   3.4  160.8
  23.694   121.361   4.1    4.8
  24.780   121.760   3.6   96.8
  24.600   121.280   3.0    6.1
  24.595   121.297   3.1    6.6
  23.986   120.655   3.2   13.9
  23.993   120.658   3.8   12.8
  23.943   121.826   4.3    8.1
  24.010   121.760   3.2    6.1
  23.946   121.829   4.6    8.5
  24.030   121.720   3.0    8.9
  23.990   121.750   3.6    6.1
  24.020   121.740   3.9   10.8
  24.040   121.730   3.1    8.6
  24.020   121.734   5.4   19.3
  24.020   121.740   3.2    7.1
  23.964   121.836   4.1   10.0
  24.020   121.790   3.4   10.5
  23.900   121.970   3.9    5.0
  24.020   121.790   3.0   10.0
  23.650   120.890   3.0    6.3
  23.930   121.833   4.3    6.0
  24.030   121.720   3.1    8.2
  23.950   121.877   4.3    8.0
  24.034   121.799   3.7    8.0
  23.084   120.871   3.1    7.1
  24.810   121.720   3.6   86.5
  24.657   121.850   4.0   86.5
  22.870   121.390   3.1   23.3
  23.990   121.780   3.2    3.9
  23.977   121.822   4.9   21.0
  24.290   122.030   3.0   43.7
  24.070   121.730   3.0    2.7
  23.853   121.487   3.5   20.9
  23.460   121.750   3.4  156.1
  23.300   121.590   3.1   25.6
  24.082   121.904   4.3   11.7
  24.079   121.798   3.6    5.0
  24.140   121.700   3.2    2.3
  24.080   121.690   3.2   39.1
  23.914   120.627   3.2   22.9
  24.400   121.920   3.2   37.5
  24.140   121.700   3.5    3.9
  24.296   121.986   3.2    6.5
  24.200   121.090   3.3    6.4
  24.180   121.050   3.4    3.8
  23.960   121.700   3.1   10.0
  24.081   121.851   4.2   10.0
  24.160   121.690   3.2    1.8
  24.130   121.690   3.2    6.3
  24.020   121.810   3.4    3.0
  23.726   120.511   3.2    7.2
  24.020   121.740   3.1    7.1
  24.120   121.740   3.2    5.5
  24.075   121.743   3.8    5.2
  24.140   121.650   3.4    5.1
  23.670   120.980   3.0    3.9
  23.950   121.790   3.3    2.8
  23.170   120.390   3.4   11.4
  24.160   121.680   3.3    6.5
  24.330   121.930   3.1    6.9
  24.160   121.670   3.6    5.2
  24.255   121.894   3.7    9.7
  24.150   121.670   3.5    4.4
  23.710   121.360   3.2    8.0
  24.310   120.950   3.4    6.6
  23.689   121.368   3.9   13.9
  24.370   121.050   3.0    3.3
  23.890   121.080   3.0   26.7
  23.690   121.370   3.4   12.6
  23.193   120.930   3.3    0.6
  23.717   121.351   4.6    3.3
  23.724   120.514   3.2    7.1
  24.700   121.720   3.0   74.8
  24.332   121.862   3.0   13.0
  24.300   121.080   3.3    3.6
  23.990   121.080   3.3    4.9
  24.220   121.170   3.2    2.1
  23.960   120.840   3.2    6.9
  23.699   121.352   3.4    0.7
  23.730   121.340   3.2    3.1
  22.670   120.690   3.1   19.0
  23.700   121.350   3.5    3.4
  23.520   120.470   3.0    9.9
  23.703   121.366   3.3    3.0
  23.410   120.920   3.3    7.5
  24.130   121.650   3.4    6.0
  24.110   121.740   3.1    5.0
  23.712   121.336   4.0    2.6
  24.170   120.980   3.3   10.2
  23.560   120.690   3.1    8.5
  24.240   121.150   3.6    2.4
  24.260   121.140   3.0   14.9
  24.280   121.110   3.1    9.1
  23.699   121.346   3.8    5.9
  24.030   121.810   3.5    0.8
  24.060   121.140   3.2    5.2
  24.790   121.870   3.2    9.3
  24.083   121.778   3.3    1.9
  24.150   121.680   3.2    6.3
  24.160   121.690   3.3    4.2
  24.160   121.680   3.3    4.3
  24.160   121.670   3.6    2.3
  24.160   121.670   3.1    2.6
  24.150   121.680   3.3    4.0
  24.160   121.670   1.9    6.3
  24.160   121.750   2.2    9.9
  24.260   121.100   3.7    2.9
  24.140   121.690   3.3    3.8
  24.150   121.680   3.2    2.5
  24.160   121.680   3.3    2.1
  23.980   121.000   3.5   16.1
  24.750   121.760   3.1   87.8
  24.080   120.990   3.0    4.0
  24.081   121.790   3.4    6.1
  23.983   121.693   3.1    7.3
  24.150   121.670   3.1    3.8
  24.150   121.680   3.1    3.5
  23.412   120.928   5.7    1.6
  23.389   120.934   3.9    3.5
  23.410   120.940   3.4    8.6
  23.430   120.930   3.1    8.3
  23.429   120.938   3.6    7.5
  23.420   120.940   3.4    7.5
  23.430   120.940   3.4    2.4
  23.430   120.930   3.6    5.0
  23.391   120.930   3.7    3.7
  23.419   120.907   3.8    7.3
  23.390   120.940   3.2    7.3
  23.430   120.950   3.1    7.3
  23.430   120.950   3.0    3.7
  23.450   120.930   3.2    5.3
  23.402   120.928   3.9    2.2
  23.410   120.930   3.0    6.8
  23.450   120.940   3.0    2.7
  23.447   120.943   4.0    0.2
  23.420   120.940   3.3    6.2
  23.410   120.930   3.6    5.9
  23.410   120.930   3.3    6.7
  23.440   120.930   3.6    4.7
  23.511   120.445   3.6   11.2
  23.440   120.930   3.5    2.1
  24.140   121.670   3.4    6.8
  23.400   120.940   3.2    6.0
  23.360   120.930   3.2    1.6
  23.830   121.060   3.3   26.6
  23.991   121.749   3.3    8.8
  23.400   120.930   3.2    3.5
  23.257   120.004   3.5    9.4
  23.356   120.920   3.3    5.5
  24.390   121.020   3.1   10.8
  23.992   120.657   3.3   13.0
  24.190   121.110   3.2   10.5
  23.370   120.930   3.0    3.3
  24.130   121.750   3.2    5.7
  23.721   120.530   3.1    8.0
  23.700   121.320   3.1    4.4
  24.160   121.680   3.0    4.0
  23.350   120.940   3.2    4.5
  23.350   120.940   3.5    7.4
  24.100   121.520   3.1   21.3
  23.590   120.750   2.0   18.2
  23.870   121.080   3.1   25.6
  24.240   121.170   3.2    5.6
  23.877   120.994   4.1   10.8
  23.360   120.930   3.0    6.4
  23.839   120.674   3.7   23.7
  23.790   121.710   3.3   40.4
  24.820   121.920   3.3    4.2
  23.870   121.080   3.4   24.9
  23.910   121.440   3.0   20.9
  24.620   121.290   3.4    6.7
  24.820   121.950   3.5    6.4
  23.494   120.257   3.2   13.4
  23.510   120.281   3.4   12.5
  24.280   121.100   3.3    8.8
  24.264   121.104   4.0   10.1
  24.270   121.250   3.7   11.1
  24.280   121.120   3.3    8.6
  24.280   121.100   4.0    9.4
  23.890   121.830   3.2   57.0
  24.220   121.744   3.4    2.7
  24.300   121.080   3.0    8.0
  23.330   120.940   3.5    2.5
  24.150   121.670   3.2    5.3
  23.339   120.949   4.1    3.0
  23.041   121.503   3.4   21.8
  23.360   120.940   3.2    3.7
  24.233   121.726   3.2    9.4
  23.400   121.690   3.5  278.9
  24.172   121.784   3.2    1.5
  23.090   120.510   3.2   11.5
  23.671   120.912   3.9    9.1
  23.122   120.870   3.8    6.6
  24.200   121.250   3.0    7.2
  23.900   121.720   3.2   17.0
  23.470   121.700   3.3   32.7
  24.190   120.950   3.5    9.4
  24.360   121.030   3.0    2.5
  23.347   120.947   3.2    4.1
  23.359   120.942   3.4    0.5
  24.430   121.902   3.2   10.1
  24.060   121.030   3.3    7.0
  24.258   121.815   3.5    9.3
  24.264   121.840   3.2    7.8
  24.239   121.893   3.1   14.2
  23.620   121.050   3.2    8.0
  23.350   120.957   3.9    2.0
  24.172   121.853   3.1    5.6
  23.331   120.945   4.1    6.7
  23.572   120.691   3.3    1.5
  23.350   120.940   3.4    8.9
  23.990   121.740   3.0    9.0
  24.190   120.940   3.5    5.2
  24.264   121.853   3.0    7.3
  24.250   121.170   3.1   11.0
  24.230   121.820   3.1   10.6
  23.250   121.360   3.6  167.0
  22.970   121.520   3.3   28.0
  24.440   121.010   3.4    5.0
  23.880   121.090   3.4   21.9
  23.080   120.802   3.4    3.0
  24.270   121.100   3.2    7.6
  24.300   121.080   3.2   14.9
  23.140   120.855   3.4    4.3
  24.181   121.837   3.6    6.8
  24.188   121.798   3.5    8.1
  24.120   121.680   3.1    4.6
  23.103   120.811   3.4    5.7
  24.020   121.620   3.1    9.6
  23.690   121.330   3.2    8.3
  24.134   121.694   3.4   13.8
  23.951   121.699   3.4    0.1
  23.600   121.770   2.7   76.0
  24.210   121.000   3.0    5.7
  23.980   121.270   3.3    7.5
  24.090   121.010   3.1    9.1
  24.170   120.980   3.9   10.9
  24.170   120.990   3.1    9.3
  23.380   120.420   3.1    9.9
  24.240   121.060   3.3    6.1
  23.350   120.630   3.0   11.7
  23.544   120.464   3.6   10.4
  23.538   120.467   3.0   10.4
  23.060   120.870   3.0    5.5
  23.057   120.823   4.2    8.0
  23.068   120.843   4.0    4.3
  23.085   120.855   3.3    3.5
  23.965   121.652   3.1    4.0
  23.877   121.529   3.4   18.2
  23.083   120.872   3.2    1.1
  23.069   120.849   4.5    8.7
  23.080   120.851   3.4   10.5
  23.070   120.846   3.2   10.5
  23.081   120.846   4.1    5.9
  23.053   120.848   3.4    9.8
  23.075   120.860   3.6    5.8
  23.068   120.871   3.5    1.8
  23.060   120.870   3.1   13.9
  23.093   120.857   3.1    2.4
  23.072   120.871   3.6    0.3
  23.099   120.847   3.5    1.0
  23.088   120.881   3.9    1.6
  23.016   120.881   3.5   12.5
  23.030   120.870   3.1    6.7
  23.050   120.870   3.2    9.6
  23.077   120.874   3.5    3.5
  23.050   120.880   3.0    8.2
  23.050   120.860   4.0    6.6
  23.212   121.575   3.9   20.6
  23.085   120.859   3.1    9.1
  24.160   120.970   3.6    9.9
  23.099   120.867   3.3    0.9
  23.113   120.877   3.3    0.3
  24.730   121.990   3.5   69.2
  23.087   120.853   4.0    3.7
  23.085   120.836   3.9    6.3
  23.091   120.848   3.5    4.1
  23.107   120.857   4.0    3.6
  23.081   120.863   3.4    5.4
  23.098   120.880   3.2    2.3
  23.010   120.990   3.1   11.3
  23.000   120.940   3.0    9.2
  23.000   120.920   3.5   14.0
  23.060   120.834   3.2    0.5
  22.660   121.010   3.1   13.0
  24.027   121.645   3.1    5.8
  23.840   121.010   3.1    7.7
  22.939   120.997   4.2    5.7
  24.430   121.000   3.3    1.3
  24.390   121.020   3.2    4.3
  23.000   120.980   3.5    4.7
  23.600   121.030   3.2    8.3
  23.660   121.000   3.1   13.0
  23.510   120.820   3.1   12.2
  23.046   120.898   3.2    3.8
  23.625   121.591   5.3   43.0
  23.630   121.660   3.2   26.7
  22.813   120.687   3.8   11.5
  23.071   121.505   3.9   11.2
  23.870   121.370   3.1    9.1
  23.840   121.030   3.6    9.3
  23.720   121.890   3.1   13.4
  24.138   120.854   4.0   13.6
  23.970   121.140   3.2   14.8
  24.460   121.000   3.0    6.7
  24.370   122.040   3.2   16.2
  23.270   121.260   3.1   14.8
  24.459   120.981   3.8    4.9
  24.250   121.080   3.4    5.6
  22.890   120.900   3.8    6.4
  24.200   120.910   3.1    9.7
  23.993   121.736   3.6    9.4
  23.817   121.509   3.3   18.2
  23.889   121.507   3.6   16.2
  23.991   121.719   3.1   10.0
  23.503   120.401   3.2    9.1
  22.780   121.560   3.3   20.5
  24.150   120.880   3.9   13.7
  24.660   121.850   3.2   40.6
  23.058   120.857   3.0    1.2
  23.060   121.650   3.8  100.0
  23.543   120.408   3.6   10.1
  24.079   121.126   4.4   10.0
  24.090   121.120   3.1   12.1
  24.090   121.120   3.1   11.9
  23.720   121.030   3.4    6.2
  24.110   121.140   3.5   11.6
  22.944   121.372   3.5   20.9
  23.050   120.820   3.0    6.8
  23.871   121.047   3.4   25.5
  23.130   121.420   3.6  279.9
  24.050   121.630   3.1   27.9
  23.149   120.408   3.8   10.8
  24.210   121.120   3.5    8.9
  23.150   120.408   3.3   10.3
  23.138   120.404   3.8   12.4
  24.220   121.120   3.7   10.7
  23.050   120.890   3.0    8.0
  23.082   120.874   3.2    5.5
  24.479   120.773   3.2    9.7
  23.880   121.070   3.3   22.7
  24.230   121.730   3.2   11.6
  22.760   121.050   3.1   20.9
  24.080   121.160   3.1    5.5
  23.088   120.870   3.8    5.5
  23.120   120.850   3.1    5.0
  23.970   121.310   3.3    7.9
  24.510   121.670   3.2   39.9
  23.864   121.036   3.5    6.1
  23.880   121.070   3.4   22.6
  23.954   120.655   3.2   12.3
  24.214   121.450   3.7   11.8
  24.217   121.413   3.2    2.2
  24.390   122.010   3.0   15.8
  22.960   120.960   3.8    9.3
  22.920   121.440   3.2   45.2
  24.104   121.571   5.8   40.2
  23.240   121.400   3.1   17.8
  23.912   121.562   4.1   17.1
  24.066   121.594   3.3   16.1
  24.299   121.335   3.4   11.9
  24.122   121.845   4.5   11.3
  23.390   120.920   3.2    6.8
  24.220   121.820   3.5   56.0
  24.293   121.647   3.4    8.9
  24.070   120.990   3.1    9.1
  23.650   121.830   3.5   94.0
  23.420   120.910   3.3    5.9
  23.925   121.072   3.6   24.4
  24.110   121.600   3.0   24.3
  24.351   120.999   3.9    9.2
  23.910   121.375   4.1    9.5
  23.084   120.888   4.0    5.5
  24.220   121.390   3.0    8.5
  24.080   121.150   3.2    4.7
  23.770   121.490   3.1   19.1
  23.840   121.020   3.1   24.5
  24.750   121.710   3.4   81.9
