  34.194    73.588   5.7   10.0
  34.963    73.736   5.7   10.0
  34.382    73.497   5.6   10.0
  34.733    73.278   5.2   10.0
  34.541    73.276   5.6   26.0
  34.648    73.178   4.9   25.9
  34.798    73.181   4.7   10.0
  34.652    73.088   4.4   10.0
  34.702    73.315   4.3   10.0
  34.353    73.417   4.5   25.5
  34.454    73.505   4.3   10.0
  34.728    73.218   4.8   34.7
  34.664    73.131   4.7    0.6
  34.646    73.120   5.7   13.8
  34.617    73.325   4.7   10.0
  34.936    72.933   4.8   10.0
  34.398    73.773   4.7   10.0
  34.823    73.216   4.3   10.0
  34.559    73.126   3.9   17.0
  34.002    73.815   4.2   10.0
  34.879    73.750   4.0   10.0
  34.661    73.124   4.5   10.0
  34.810    73.186   4.1   10.0
  34.453    73.056   4.0   10.0
  34.829    73.397   4.1   10.0
  34.674    73.328   4.0   10.0
  34.188    73.233   4.1   10.0
  34.052    73.720   4.2   10.0
  34.302    73.217   4.1   10.0
  34.445    73.627   4.0   10.0
  34.841    73.689   4.1   10.0
  34.170    73.771   4.2   10.0
  34.690    73.148   4.0   30.5
  34.685    73.226   4.6    6.2
  34.229    73.657   4.7   10.0
  34.859    73.400   4.3   10.0
  34.580    73.347   4.1    9.3
  34.662    73.258   5.3   12.3
  34.930    73.121   4.2   10.0
  34.785    73.268   4.3   10.0
  34.710    73.149   5.3   14.8
  34.798    73.180   5.8   16.1
  34.207    73.615   4.9   35.7
  34.771    73.255   4.2   10.0
  34.151    73.730   4.1   23.5
  34.617    73.346   3.8   10.0
  34.707    73.301   4.0   10.0
  34.634    73.228   4.1   10.0
  34.798    73.493   4.3   12.8
  34.770    73.466   4.6   23.5
  34.692    73.144   4.3   10.0
  34.637    73.942   3.7   13.4
  34.634    73.184   3.9   10.0
  34.725    72.769   3.9   10.0
  35.014    73.065   4.2   28.3
  34.816    73.253   3.9   10.0
  34.677    73.315   4.5   21.9
  34.757    73.199   4.1   10.0
  34.758    73.179   4.2   27.7
  34.760    73.277   4.0   10.0
  34.169    72.629   4.0   10.0
  34.107    73.928   4.1   10.0
  34.523    73.401   5.6   10.0
  34.329    73.050   4.2   10.0
  34.858    73.206   4.3   29.3
  34.781    73.197   4.2    7.7
  34.534    73.632   5.3   10.0
  34.710    73.267   4.0   30.0
  34.675    73.342   4.4   10.0
  34.853    73.542   4.0   10.0
  34.662    73.217   4.0   10.0
  34.712    73.640   3.8   10.0
  34.705    73.459   4.0   10.0
  34.725    73.133   4.2   10.0
  34.426    73.532   4.0   10.0
  34.799    73.274   4.0   10.0
  34.554    73.221   3.9   10.0
  34.164    73.038   3.9   16.7
  34.668    73.167   4.1   10.0
  34.616    73.264   4.7   10.0
  34.699    73.341   4.6   10.0
  34.886    73.136   4.8   10.0
  34.407    73.740   4.5   10.0
  34.501    73.352   3.9   10.0
  34.622    73.395   4.8   10.0
  34.324    73.452   4.1   10.0
  34.615    73.321   4.0   21.2
  34.746    73.273   4.2   10.0
  34.783    73.153   4.6   16.8
  34.775    73.080   3.8   11.9
  34.672    73.365   3.9   10.0
  35.255    73.078   3.8   10.0
  34.136    73.711   4.1   16.7
  34.890    73.269   4.1   10.0
  34.373    73.660   4.1   10.0
  34.637    73.253   4.7   12.5
  34.256    73.783   4.6   10.0
  34.618    74.319   3.8   10.0
  34.130    73.679   4.0   10.0
  34.598    73.050   3.9   10.0
  34.873    73.170   4.0   10.0
  34.182    73.959   4.8   10.0
  34.262    73.765   4.0   10.0
  34.550    73.138   4.1   10.0
  34.600    73.049   3.8   10.0
  34.683    73.127   3.9   16.5
  34.337    73.668   4.1   16.7
  34.278    73.654   3.9   10.0
  35.112    73.235   4.2   10.0
  34.772    73.142   4.3   31.1
  34.604    73.291   4.3   10.0
  34.252    73.609   4.6   10.0
  34.391    73.587   4.6   18.0
  34.656    73.333   4.0   10.0
  34.720    73.144   6.4   13.9
  34.637    73.294   4.6   15.1
  34.714    73.001   4.6   10.0
  34.504    73.110   4.1   10.0
  34.603    73.041   4.2   20.2
  34.460    73.612   4.1   28.4
  34.815    73.337   3.9   18.1
  34.744    73.331   4.2   10.0
  34.743    73.146   4.6   10.0
  34.603    73.036   4.6    4.7
  34.828    73.191   4.3   24.9
  34.616    73.242   5.3   10.0
  34.696    73.159   4.9   10.0
  34.806    73.110   5.2   15.1
  34.772    73.101   4.4   10.0
  34.818    72.706   4.2   10.0
  34.287    73.436   4.1   10.0
  34.785    73.220   4.3   10.0
  34.617    73.172   4.6   10.0
  34.753    73.093   4.1   10.0
  34.633    73.139   3.8   10.0
  34.624    73.220   4.3   10.0
  34.605    73.232   5.7   13.5
  34.621    73.028   4.9   10.0
  34.661    73.039   4.1   10.0
  34.752    73.090   4.8   15.7
  34.666    73.112   4.3   10.0
  34.784    73.141   5.7   19.7
  34.706    73.255   5.0   20.2
  34.578    73.313   4.7   10.0
  34.962    73.153   3.8   10.0
  34.537    73.309   3.9   33.0
  34.274    73.336   3.9   10.5
  34.748    73.356   4.0   10.0
  34.737    73.197   3.9   10.0
  34.327    73.548   4.4   10.0
  34.573    73.090   4.5   10.0
  34.657    73.278   4.3   10.0
  34.751    73.335   4.1   10.0
  34.240    73.308   3.9   10.0
  34.155    73.939   4.0   10.0
  34.295    73.406   3.9   10.0
  34.633    73.493   3.7   10.0
  34.703    73.297   4.0   10.0
  34.708    73.153   4.2   10.0
  35.001    73.174   4.7    3.3
  34.660    73.176   3.8   10.0
  34.546    73.028   4.1   19.4
  34.324    73.463   3.9   10.0
  34.825    73.158   3.9   10.0
  34.291    73.418   3.8   10.0
  34.584    73.112   3.9   10.0
  34.875    73.827   4.1   22.3
  34.285    73.342   3.7   10.0
  34.716    73.276   3.8    9.9
  34.696    73.379   4.4   10.0
  34.843    73.260   3.8   18.7
  34.843    73.392   4.0    4.8
  34.786    73.562   3.8   10.0
  34.699    73.254   4.2   10.0
  34.652    73.792   4.4   10.0
  34.268    73.537   3.8   10.0
  34.156    73.251   3.8   10.0
  34.557    73.265   4.5   26.5
  34.697    73.234   4.4   24.9
  34.583    73.165   3.8   10.0
  34.666    73.446   4.1   10.0
  34.362    72.603   3.6   10.0
  34.889    73.248   3.9   10.0
  34.845    73.411   4.0   10.0
  34.752    73.107   3.8   10.0
  34.632    73.225   3.9   10.0
  34.635    73.210   3.9   10.0
  34.353    73.701   4.0   25.3
  34.561    73.132   3.9   10.0
  34.513    72.993   3.7   10.0
  34.306    73.290   3.8   10.0
  34.570    73.261   4.0   10.0
  34.746    73.218   4.0   30.0
  34.691    73.243   4.2   44.4
  34.743    73.201   4.5   28.6
  34.657    73.084   4.4   10.0
  34.604    73.218   4.5   10.0
  34.924    72.966   3.9   10.0
  34.598    73.338   4.6   37.5
  34.453    73.613   3.8   10.0
  34.587    72.942   4.0   10.0
  34.693    73.442   4.0   10.0
  34.734    73.226   5.5   15.4
  34.606    73.297   4.6   10.0
  34.536    73.579   4.3   33.0
  34.617    73.267   5.4   21.2
  34.630    73.245   4.9   10.0
  34.614    73.101   4.2   42.6
  34.641    73.159   4.0   10.0
  34.715    73.407   3.9   22.7
  34.595    73.195   4.8   26.7
  34.680    73.287   4.0   20.0
  34.697    73.102   3.9   10.0
  34.917    73.074   4.0   10.0
  34.700    73.175   4.4   38.0
  34.757    73.220   4.5   22.8
  35.154    72.372   3.9   10.0
  34.426    73.669   3.8   10.1
  34.808    73.272   3.8   10.0
  34.182    73.580   4.2   33.0
  34.512    73.334   3.9   33.0
  34.273    73.194   3.9   10.0
  34.656    73.157   3.9   10.0
  34.430    73.266   3.9   10.0
  34.159    73.805   3.9   10.0
  34.838    73.127   3.7   42.3
  34.323    73.346   3.6   10.0
  34.809    73.502   3.8   33.1
  34.664    73.182   4.5   31.9
  34.668    73.284   4.0   10.0
  34.714    73.133   3.7   10.0
  34.745    73.371   3.7   10.0
  34.729    73.877   3.9   10.0
  34.640    73.190   3.9   29.9
  34.345    73.763   3.6   10.0
  34.267    73.475   3.8   10.0
  34.748    73.367   3.8   10.0
  34.541    73.326   3.8   44.2
  34.410    73.164   3.9   10.0
  34.894    73.161   3.9    2.5
  34.636    73.429   3.6   10.0
  34.733    73.564   3.9   10.0
  34.708    73.277   3.9   18.2
  34.591    72.945   3.8   10.0
  34.635    73.182   4.1   10.0
  34.270    73.734   4.0   10.0
  34.807    73.188   3.9   10.0
  34.287    73.581   3.9   10.0
  34.570    73.221   4.0   10.0
  34.616    73.357   4.3   10.0
  34.687    73.923   3.8   10.0
  34.644    73.202   4.0   10.0
  34.645    73.259   3.8   10.0
  34.725    73.082   5.0   19.1
  34.598    73.374   3.8   10.0
  34.578    73.048   3.9   10.0
  34.812    73.254   4.0   18.9
  34.785    73.012   4.0   10.0
  34.544    73.792   3.4   33.0
  34.777    73.769   3.8   10.0
  34.449    73.655   3.8   10.0
  34.502    73.234   3.7   10.0
  34.142    73.966   4.0   10.0
  34.242    73.381   3.9   10.0
  34.605    73.159   5.4   15.3
  34.470    74.156   3.7   10.0
  34.625    73.143   4.1   10.0
  34.930    73.559   4.0   10.0
  34.531    73.002   4.0   10.0
  34.566    73.160   3.9   10.0
  34.622    73.582   4.1   10.0
  34.802    73.533   3.7   10.0
  34.735    73.215   5.7   12.1
  34.697    73.221   4.8   10.0
  34.618    73.537   3.9   10.0
  34.828    73.187   4.5   10.0
  34.529    73.247   4.8   20.7
  34.051    73.822   4.1    0.8
  34.736    73.093   4.0   26.6
  34.576    73.440   4.9   34.3
  34.739    73.174   4.4   10.0
  34.246    73.550   3.6   10.0
  34.514    73.436   4.3   33.0
  34.126    73.546   4.0   10.0
  34.773    73.081   3.8   18.1
  34.695    73.189   3.8   10.0
  34.685    73.388   4.2   20.1
  34.578    73.306   3.7   10.0
  34.704    73.163   5.0   19.9
  34.248    73.612   4.5   10.0
  34.454    73.533   3.9   10.0
  34.847    73.426   4.1   10.0
  34.810    73.147   4.9   13.6
  34.423    73.584   3.8   10.0
  34.582    73.244   3.6   10.0
  34.738    73.041   3.6   10.0
  34.622    73.313   4.6   17.3
  34.650    73.366   4.0   10.0
  34.748    73.586   3.9   10.0
  34.424    73.606   4.1   10.0
  34.798    73.422   4.2   10.0
  34.138    73.779   4.1   20.6
  34.723    73.482   3.7   10.0
  34.741    73.240   3.8   10.0
  34.583    73.318   3.7   10.0
  34.783    73.250   3.8   10.0
  34.664    73.090   3.7   14.9
  34.630    73.619   3.8    5.9
  34.737    73.134   3.8   10.0
  34.717    73.573   3.7   35.9
  34.039    73.523   3.9   10.0
  34.710    73.193   3.8   10.0
  34.361    73.858   3.5   10.0
  34.255    73.561   4.4   10.0
  34.669    73.222   4.4   10.0
  34.710    73.408   4.0   48.5
  34.351    73.695   5.4   10.0
  34.685    73.025   4.9   10.0
  34.314    73.898   4.1   24.5
  34.698    73.262   3.8   10.0
  34.403    73.660   3.8   10.0
  34.923    73.345   3.9   10.0
  34.135    73.819   3.8   10.0
  34.773    73.338   3.8   10.0
  34.549    73.301   4.0    5.5
  34.131    73.486   3.8   10.0
  34.823    73.128   3.9   10.0
  34.942    73.262   3.8   37.6
  34.771    73.034   3.8   17.7
  34.607    73.399   3.8   33.0
  34.535    73.712   3.4   10.0
  34.520    73.147   4.2   10.0
  34.704    73.343   3.9   10.0
  34.594    73.060   4.0   26.5
  34.512    73.196   3.6   10.0
  34.411    73.802   3.8   10.0
  34.511    73.131   4.0   10.0
  34.050    73.438   3.8   10.0
  34.757    73.084   3.9   10.0
  34.780    73.179   4.0   10.0
  34.682    73.425   4.1   10.0
  34.790    72.798   3.7   10.0
  34.525    73.949   3.7   36.1
  34.956    73.546   3.9   10.0
  34.455    73.887   4.0   30.1
  34.437    73.572   3.8   10.0
  34.762    73.085   3.9   33.0
  34.628    73.324   3.6   10.0
  34.789    73.052   4.0   31.9
  35.009    73.432   3.9   10.0
  34.615    73.109   4.0   34.4
  34.602    73.189   4.1   19.4
  34.653    73.220   4.2   10.0
  34.883    73.707   4.2   33.0
  34.762    73.012   4.5   37.6
  34.282    73.050   4.1   10.0
  34.794    73.096   4.9   33.0
  34.862    73.007   4.5   39.0
  34.902    73.224   4.1   27.5
  34.606    73.329   3.8   19.4
  34.504    73.095   4.0   10.0
  34.809    73.403   4.0   33.6
  34.472    72.700   3.9   33.0
  34.848    73.359   4.0   10.0
  34.217    73.443   3.9   10.0
  34.812    72.934   4.0   34.1
  34.856    73.273   4.2   33.0
  34.928    73.152   3.9   33.0
  34.612    73.716   3.7   33.8
  34.474    73.465   3.9   10.0
  34.812    72.992   3.5   33.0
  34.687    73.101   3.8   10.0
  34.708    73.215   3.7   10.0
  34.385    73.749   3.8   10.0
  34.714    73.001   3.7   10.0
  34.696    73.412   4.0   10.0
  34.632    73.309   4.6   38.0
  35.327    73.845   4.1   33.0
  34.741    73.204   4.1   10.0
  34.735    73.456   3.9   10.0
  34.336    73.122   3.9   10.0
  34.671    73.083   3.9   10.0
  34.789    73.107   3.4   10.0
  34.622    73.420   3.6   10.0
  34.381    73.723   3.8   10.0
  34.680    73.551   4.2   10.0
  34.727    73.208   4.2   10.0
  34.314    73.816   3.9   10.0
  34.191    73.462   3.8   10.0
  33.997    72.577   3.5   33.0
  34.675    73.298   4.0   26.9
  34.527    73.014   3.9   33.0
  34.711    73.312   4.0   33.0
  34.727    72.901   3.6   35.0
  34.660    73.442   4.4   20.8
  34.547    73.685   4.2   10.0
  34.723    73.254   4.0   23.1
  34.535    73.275   3.9   33.0
  34.763    73.124   4.4   33.0
  34.932    73.178   4.0   33.0
  34.734    73.207   3.6   10.0
  34.766    73.865   3.8   33.0
  34.238    73.803   4.0   10.0
  34.052    73.833   4.0   14.1
  34.089    73.793   3.9   33.0
  34.675    73.846   3.9   10.0
  34.562    73.858   4.0   10.0
  34.776    73.082   3.9   10.0
  34.556    74.063   3.9   10.0
  34.805    73.409   3.5   10.0
  34.775    73.338   4.4   33.0
  34.781    73.332   4.0   10.0
  35.161    73.873   4.0   10.0
  34.361    73.214   3.6   10.0
  34.626    73.209   4.1   10.0
  34.107    73.332   3.7   10.0
  34.864    73.154   5.3   12.0
  34.160    73.450   3.7   10.0
  34.087    73.099   4.0   10.0
  34.387    73.712   4.0   10.0
  34.614    72.986   3.8   10.0
  34.665    73.367   3.9   33.6
  34.844    73.222   4.3   33.0
  34.720    73.541   4.0   33.0
  34.709    73.585   3.9   33.0
  34.697    73.154   3.7    9.0
  34.244    73.508   3.6   10.0
  34.597    73.421   4.1   10.0
  34.768    73.071   3.8   33.0
  33.921    73.524   4.0   10.0
  34.677    73.383   4.4   10.0
  33.997    73.403   3.5   33.0
  34.744    73.224   4.5   33.0
  34.555    72.875   3.4   33.0
  34.583    73.308   4.0   10.0
  34.672    73.484   3.6   10.0
  34.743    73.703   4.0   24.1
  34.810    73.273   3.8   10.0
  34.795    73.166   4.0   10.0
  34.741    73.173   4.9   32.2
  34.564    73.263   3.8   33.0
  34.706    73.295   4.1   10.0
  34.659    73.042   3.9   10.0
  34.921    73.378   3.8   31.8
  34.721    73.176   4.0   10.0
  34.465    73.704   4.5   33.0
  34.430    73.441   3.6   10.0
  34.735    73.128   3.9   33.1
  34.775    73.398   4.3   33.0
  34.626    73.272   4.2   32.1
  34.758    73.408   4.0   23.7
  35.009    73.282   3.9   33.0
  34.630    73.344   4.0   28.5
  34.698    73.517   3.0   33.0
  34.722    73.166   4.5   33.0
  34.630    73.447   3.7   29.6
  34.623    73.874   3.7   10.4
  34.573    73.710   4.5   33.0
  34.706    73.408   3.1   10.0
  34.348    73.906   3.5   10.0
  34.626    73.393   3.9    6.5
  34.876    73.196   4.8   12.3
  34.314    73.538   3.6   10.0
  34.759    73.344   3.9   33.0
  34.784    73.333   3.9   18.2
  34.721    73.505   3.9   37.8
  33.969    74.017   4.4   13.7
  33.986    73.968   4.4   13.7
  34.584    73.637   3.8   33.0
  34.232    73.487   3.8   10.0
  34.010    73.888   4.4   35.0
  34.541    73.638   3.4   10.0
  34.774    73.766   3.5   10.0
  34.510    73.426   4.0   33.0
  34.741    73.701   3.7   10.0
  34.925    73.174   3.5   10.0
  34.627    73.059   3.8   16.4
  34.931    73.420   3.7   10.0
  34.919    73.347   3.6   37.5
  34.770    73.196   3.9   33.0
  34.652    73.602   3.9   33.0
  34.268    73.612   3.6   30.1
  34.908    74.422   3.5   10.0
  34.741    73.189   4.0   33.0
  34.263    73.480   3.6   33.0
  34.765    73.488   3.7   31.1
  34.320    73.755   3.8   10.0
  34.705    73.286   4.3   33.0
  34.730    73.228   4.0   37.1
  33.775    73.144   3.5   33.0
  34.264    73.562   3.8   10.0
  34.078    73.967   3.5   12.3
  34.805    73.164   4.9   24.2
  34.825    73.241   4.0   33.0
  34.800    73.432   3.7   33.0
  34.603    73.436   4.1   33.0
  34.623    72.986   4.0   10.0
  34.614    73.314   3.8   33.0
  34.538    73.310   4.1   39.3
  35.021    73.954   4.0   33.0
  34.640    73.223   4.0   33.0
  34.686    73.042   4.4    8.2
  34.550    73.179   4.0   10.0
  34.910    73.181   3.8   31.7
  34.746    73.052   3.8   33.0
  34.784    73.716   3.7   33.0
  34.524    73.269   3.9   33.0
  34.589    73.227   4.2   10.0
  34.695    73.014   4.2    4.3
  34.650    73.068   5.0   26.9
  34.776    73.080   5.6   15.5
  34.899    73.085   3.8   10.0
  34.775    73.261   4.0   19.5
  34.786    73.046   5.4   22.6
  34.717    72.996   3.9   10.0
  34.777    73.019   3.7   10.0
  34.752    73.665   3.7   10.0
  34.673    73.146   3.7   10.0
  34.774    73.163   3.5   10.0
  34.769    73.231   3.8   10.0
  34.759    72.982   3.8   10.0
  34.705    72.994   4.1   22.4
  34.589    73.016   4.7    6.7
  34.687    73.348   4.0   10.0
  34.787    73.174   4.1   12.7
  34.729    73.137   3.9   10.0
  34.834    72.985   3.7   10.0
  34.832    73.151   3.8   38.2
  34.719    73.112   3.7   10.0
  33.978    73.361   3.6   10.0
  34.781    73.067   3.7   10.0
  34.732    73.449   4.0   11.3
  34.775    73.109   5.1   24.7
  34.708    73.096   4.0   10.0
  34.687    73.194   3.8   10.0
  34.490    72.955   3.7   33.0
  34.921    73.259   3.7   10.0
  34.691    73.321   3.7   38.4
  34.662    73.102   3.6    3.4
  34.857    73.266   3.5   10.0
  34.668    73.171   3.8   30.0
  34.816    72.993   3.9   33.0
  34.890    73.108   4.0   33.0
  34.160    73.194   3.7   10.0
  34.135    73.431   4.1   33.0
  34.492    73.398   3.6   33.0
  34.632    73.192   3.8   32.6
  34.806    73.060   3.9   33.0
  34.794    73.220   3.9   10.0
  34.757    73.029   4.0   20.4
  34.777    73.507   4.0   33.0
  34.764    73.153   3.8   33.0
  34.503    74.289   3.9   10.0
  34.747    73.203   3.8   21.0
  34.632    73.424   4.3   10.0
  34.804    73.133   4.0   10.0
  34.635    73.377   4.1   10.0
  34.734    73.171   4.0   10.0
  34.374    73.529   4.3   10.0
  34.749    73.299   3.8   10.0
  34.797    73.111   3.9   18.3
  34.886    72.898   3.6   10.4
  34.522    73.562   3.8   10.0
  34.752    73.033   3.2   10.0
  34.056    73.429   3.5   10.0
  34.861    73.034   5.5   17.6
  34.879    72.991   3.4   10.0
  34.824    73.024   4.3   10.0
  34.732    73.111   3.9   10.0
  34.754    73.945   3.4   10.0
  34.751    73.034   3.4   10.0
  34.793    73.065   4.0   10.0
  34.859    72.978   3.5   33.0
  34.865    73.073   4.8   19.5
  34.854    73.060   3.8   10.0
  34.780    72.879   4.0   10.0
  34.923    73.021   3.9   34.4
  34.874    72.932   3.7   32.1
  34.086    73.347   3.7   10.0
  34.619    73.246   4.1   10.0
  34.596    73.052   4.0   10.0
  34.803    73.065   3.6   33.4
  34.799    73.159   4.8   32.4
  34.795    73.372   4.1   10.0
  34.716    73.004   3.0   10.0
  34.650    73.423   4.3   10.0
  34.602    73.442   4.1   10.0
  34.198    73.916   4.8   15.7
  34.186    73.700   4.0   10.0
  34.161    73.721   3.5   10.0
  34.425    73.553   3.7   10.0
  34.784    73.259   4.3   21.7
  34.786    73.242   3.8    1.1
  34.703    73.339   3.9   10.0
  34.732    73.354   3.9   10.0
  34.653    73.526   3.7   30.1
  34.707    73.218   3.6   23.4
  34.383    72.728   3.2   10.0
  34.155    73.857   4.1   10.0
  34.095    73.520   3.7   10.0
  34.591    73.125   3.9   33.9
  34.782    72.969   3.8   10.0
  34.018    73.370   3.7   10.0
  34.672    73.194   5.2   25.1
  34.320    72.864   3.9   10.0
  34.630    73.372   4.3   38.7
  34.649    73.415   3.9   36.3
  34.745    73.451   3.9   10.0
  34.541    73.139   4.0   10.0
  34.606    73.344   4.3   25.6
  34.772    73.128   3.9   10.0
  34.457    73.618   3.8   44.4
  34.171    73.630   3.5    9.2
  34.857    73.026   3.5   10.0
  34.791    73.799   3.7   10.0
  34.797    73.260   4.0   10.0
  34.686    73.246   3.9   27.2
  34.608    72.715   3.1   10.0
  34.510    72.916   3.2   33.0
  34.764    73.062   3.9   20.5
  34.492    73.702   3.7   33.0
  34.569    73.619   3.9   10.0
  34.602    73.644   3.9   10.0
  34.649    73.381   4.0   10.0
  34.745    73.345   4.1   33.0
  34.758    73.102   3.3   10.0
  34.723    73.111   3.6   10.0
  34.577    73.344   3.5   10.0
  34.782    73.060   3.8   10.0
  34.619    73.356   3.9   26.4
  35.100    74.663   3.1   33.0
  34.827    73.204   3.9   33.0
  35.005    73.151   3.5   33.0
  34.673    73.166   4.2   10.0
  34.157    73.424   3.1   10.0
  34.393    72.671   3.2   10.0
  34.447    74.186   3.8   18.9
  34.027    73.520   3.1   10.0
  34.068    73.197   3.7   10.0
  34.136    72.539   3.6   10.0
  34.242    73.858   4.1   10.0
  34.482    73.401   3.9   33.0
  34.928    73.147   4.0   19.4
  34.544    73.404   5.1   13.8
  34.702    73.114   3.9   35.3
  34.617    72.470   3.2   10.0
  34.511    72.710   3.4   10.0
  34.453    72.479   3.4   33.0
  33.473    72.945   3.4   10.0
  34.018    73.538   3.9   10.0
  34.400    73.562   4.2   10.0
  34.179    73.110   3.3   33.0
  34.780    73.449   3.9   10.0
  34.829    73.244   4.1   10.0
  34.656    72.830   3.5   33.0
  34.345    73.853   4.0   10.0
  34.705    73.427   4.0   10.0
  34.035    73.555   3.7   33.0
  34.133    73.287   3.8   10.0
  34.074    73.306   3.9   33.0
  34.895    73.121   3.8   39.7
  34.898    73.084   3.3   10.0
  34.813    72.734   3.5   10.0
  34.272    73.371   3.3   10.0
  34.676    73.372   4.0   10.0
  34.849    74.043   3.4   10.0
  34.510    72.818   3.6   10.0
  34.737    73.343   3.5   10.0
  34.701    72.858   3.2    5.0
  34.866    72.978   3.4   10.0
  34.849    74.058   3.8   70.5
  34.897    73.111   3.2   10.0
  34.783    73.204   4.0   10.0
  34.474    72.784   2.9   33.0
  34.694    73.193   4.3   10.0
  34.711    73.079   4.0   29.4
  34.776    73.230   3.8   33.0
  34.698    73.314   3.9   33.0
  34.649    73.273   3.9    3.3
  34.759    73.568   3.8   10.0
  34.658    73.304   3.9   33.0
  34.717    73.296   3.9   33.0
  34.104    73.201   3.6   10.0
  34.839    73.186   3.6   10.0
  34.668    74.222   3.3   10.0
  34.821    73.252   3.3   10.0
  34.591    72.977   3.3    8.7
  35.020    74.523   3.3   10.0
  34.377    73.709   4.4   10.0
  34.749    73.182   4.8   13.3
  34.234    72.246   3.0   33.0
  34.691    73.020   3.7   33.0
  34.706    73.179   3.9   33.0
  34.750    72.897   3.2   33.0
  34.641    72.728   3.4   10.0
  34.764    73.098   5.2   29.3
  34.112    73.391   3.2   10.0
  34.708    73.152   4.4   10.0
  34.473    72.492   3.3   10.0
  34.796    73.160   3.6   10.0
  34.308    73.843   3.3   10.0
  34.814    73.093   4.0   33.0
  34.608    72.858   3.6   33.0
  34.498    73.270   3.2   10.0
  34.893    74.604   2.8   10.0
  34.654    72.924   3.7   45.7
  34.679    72.979   4.0   10.0
  34.729    73.024   3.9   10.0
  34.897    73.210   3.8   10.0
  33.367    74.196   3.4   33.0
  34.876    73.124   3.6   33.0
  34.810    73.081   4.2   10.0
  34.528    73.525   3.6   10.0
  34.197    73.371   3.0   33.0
  34.772    73.016   3.3   10.0
  34.388    73.624   3.1   33.0
  34.614    73.336   3.7   10.0
  34.633    73.264   3.1   10.0
  34.615    73.569   3.7   10.0
  34.828    73.127   3.6   40.6
  34.744    72.980   3.6   10.0
  34.811    73.149   4.7   10.0
  34.203    73.825   4.1   10.0
  34.270    73.760   4.0   33.0
  34.855    72.651   3.4   10.0
  34.917    73.972   3.7   10.0
  34.249    72.370   3.7   10.0
  34.153    73.445   3.6   10.0
  34.185    73.242   3.6   33.0
  34.619    73.399   3.9   33.0
  34.609    73.238   3.8   10.0
  34.904    73.373   3.0   10.0
  34.462    72.950   3.7   10.0
  34.313    72.704   3.1   10.0
  34.616    72.948   3.7   33.0
  34.346    72.701   3.6   10.0
  34.860    73.279   4.2   21.1
  34.746    73.296   3.3   33.7
  34.908    74.620   3.1   33.0
  34.794    73.258   3.9   10.0
  34.829    73.360   3.7   13.5
  34.744    73.388   3.8   10.0
  34.151    73.811   4.1   10.0
  35.787    73.378   3.9   41.9
  34.720    73.415   3.9   24.1
  34.164    73.748   4.1   10.0
  33.731    72.962   3.6   10.0
  34.918    73.945   3.6   10.0
  34.681    73.269   3.3   10.0
  34.843    73.129   3.8   50.8
  34.970    73.820   3.7   10.0
  34.857    73.117   3.6   33.0
  34.323    73.575   4.0   43.5
  34.389    73.430   3.7   10.0
  35.064    73.608   3.4   51.5
  34.645    73.260   5.2   16.4
  34.611    72.936   3.9   10.0
  34.671    72.749   3.3   36.4
  34.992    73.036   3.6   10.0
  34.764    72.970   3.9   10.0
  34.429    72.833   4.0   10.0
  34.829    73.429   3.8   33.0
  34.682    73.370   5.1   18.6
  34.812    73.384   4.2   32.4
  34.632    72.842   3.8   10.0
  34.068    72.798   3.0   33.0
  33.974    73.091   2.8   10.0
  33.819    72.930   2.8   10.0
  34.128    73.409   3.7   10.0
  34.651    72.814   3.5   10.0
  34.222    73.853   3.8   10.0
  34.713    73.100   2.9   10.0
  34.823    73.142   4.0   10.0
  33.879    72.693   3.0   10.0
  34.872    73.214   3.5   35.0
  34.789    72.796   3.6   10.0
  34.642    73.309   4.3   10.0
  34.620    73.135   4.2   43.6
  34.812    73.823   3.1   10.0
  34.497    73.672   4.4   10.0
  34.251    73.886   4.0   10.0
  35.049    73.778   3.5   10.0
  34.691    73.082   3.8   10.0
  34.701    72.912   3.8   10.0
  34.883    73.086   3.5   10.0
  34.732    73.215   4.0   10.0
  34.534    73.617   3.2   10.0
  34.305    73.788   3.8   10.0
  34.092    73.949   3.9   44.2
  35.083    74.177   2.8   35.0
  34.164    73.774   4.0   35.0
  34.869    72.568   3.4   10.0
  34.467    73.745   3.7    3.7
  34.311    73.309   3.4    6.5
  34.611    73.180   3.8   26.1
  34.707    73.367   3.9   41.5
  34.368    73.313   3.4   35.0
  33.811    72.819   3.4    8.1
  34.615    73.241   3.9   35.0
  34.828    72.922   3.9   51.4
  33.596    72.808   3.1   10.0
  34.422    73.642   3.7   10.0
  34.576    73.135   3.8   10.0
  34.749    72.499   3.5   10.0
  35.068    74.229   3.5   30.5
  34.592    73.007   3.8   10.0
  34.289    73.729   3.9   10.0
  34.590    73.134   3.9   10.0
  34.739    73.054   3.3   10.0
  34.538    72.583   3.0   61.8
  34.598    72.868   3.9   10.0
  34.414    72.652   3.7   10.0
  34.632    73.026   2.9   10.0
  34.678    73.223   4.0   10.0
  34.219    73.840   3.7   10.0
  34.740    73.185   4.9   13.3
  35.966    73.868   3.5   35.0
  35.099    74.546   3.2   10.0
  34.075    73.395   3.7   41.2
  34.441    73.703   4.3   37.0
  34.340    73.617   3.7   10.0
  34.599    73.237   3.7   10.0
  34.878    73.286   4.8   10.0
  34.726    72.505   3.6   35.0
  34.870    73.340   4.2   10.0
  34.915    73.155   3.7   10.0
  34.542    73.342   3.6   10.0
  34.493    73.498   3.0   10.0
  34.931    73.017   3.7   10.0
  34.381    73.733   4.3   10.0
  34.312    72.981   3.5   10.0
  34.638    73.042   3.7   19.6
  34.646    73.163   3.8   10.0
  33.602    72.873   2.8   35.0
  32.984    73.552   3.8   10.0
  34.770    72.992   3.8   10.0
  34.787    73.107   3.6   10.0
  33.876    74.172   3.6   66.9
  34.508    73.043   2.9   35.0
  34.625    73.545   3.7    8.9
  34.679    73.439   4.0   10.0
  34.591    72.886   3.7   10.0
  34.632    72.755   3.4   35.0
  34.517    73.561   3.8   10.0
  34.582    73.127   3.5   12.1
  33.062    73.830   4.9   13.5
  33.072    73.709   3.8   10.0
  34.682    73.279   3.7   10.0
  34.236    73.323   3.4   17.2
  34.683    73.292   3.9   10.0
  34.663    73.182   4.5   10.0
  34.637    73.201   4.9   15.4
  34.752    73.151   4.0   10.0
  34.696    73.300   3.8   10.0
  34.769    73.078   3.6   10.0
  34.228    73.817   3.3   10.0
  34.830    73.756   5.2   17.0
  34.994    73.982   3.6   35.0
  34.749    73.722   3.7   10.0
  34.727    73.684   3.7   10.0
  34.662    73.665   3.5   10.0
  34.822    73.776   3.6   10.0
  34.823    73.808   3.4   10.0
  34.853    73.546   3.3   35.0
  34.773    73.047   3.6   10.0
  34.571    73.321   3.7   10.0
  34.670    73.330   4.2   10.0
  34.671    73.243   3.8    5.4
  34.666    73.111   3.5   35.0
  34.842    73.866   4.0    9.8
  34.654    73.353   3.5   10.0
  34.548    73.391   3.6   37.8
  34.111    73.754   3.7   10.0
  34.679    73.146   4.6   16.4
  34.651    72.980   3.7   35.0
  34.314    73.662   3.5   35.1
  34.675    73.171   3.8   10.0
  34.692    72.874   3.6   10.0
  34.285    73.620   3.6   10.0
  34.658    73.095   3.8   35.5
  35.984    73.312   3.5   10.0
  34.659    73.196   3.7   39.1
  34.722    73.698   3.4   10.0
  34.407    73.706   4.1   10.0
  34.654    72.596   3.6   10.0
  34.723    73.018   3.6    1.7
  34.740    73.137   3.7   33.1
  34.514    72.860   3.7   10.0
  34.644    73.113   3.6   16.0
  34.368    73.906   4.0   17.6
  34.550    73.351   3.6   10.0
  34.717    73.037   3.5   10.0
  34.662    73.274   3.7   27.4
  34.608    73.256   3.5   35.2
  34.725    73.216   3.6   37.9
  34.896    73.107   3.6   10.0
  34.919    73.435   3.8   50.6
  34.693    73.117   3.6   32.5
  34.068    73.779   4.0   10.0
  35.181    74.319   3.0   10.0
  33.816    73.163   3.7   10.0
  34.640    73.335   3.5   33.2
  34.621    72.870   3.8   35.5
  34.841    73.487   3.7   10.0
  34.525    73.823   3.7   38.4
  34.856    74.393   3.6   35.3
  34.811    73.300   3.6   10.0
  34.843    73.865   3.9   10.0
  34.812    73.023   4.0   10.0
  36.050    73.236   3.8   35.0
  35.174    74.434   3.8   10.0
  34.888    74.004   3.7   44.4
  34.924    72.992   3.4   38.6
  34.960    73.948   4.0   21.8
  34.689    73.135   4.0   36.4
  34.785    73.140   3.9   53.9
  35.059    74.027   3.5    8.4
  34.779    73.268   3.5   10.0
  34.714    72.890   4.2   11.7
  34.782    73.230   4.0   10.0
  34.797    73.767   3.9   33.4
  34.507    73.595   3.3   10.0
  34.577    72.668   3.7   39.2
  34.748    73.672   3.4   10.0
  34.896    73.245   4.3   10.0
  35.774    73.650   3.8   81.9
  34.709    73.158   3.6   29.4
  34.832    73.222   3.8   59.1
